{
    "animation": [
        {
            "name": "Root",
            "time": [0.0, 0.0167, 0.0333, 0.05, 0.0667, 0.0833, 0.1, 0.1167, 0.1333, 0.15, 0.1667, 0.1833, 0.2, 0.2167, 0.2333, 0.25, 0.2667, 0.2833, 0.3, 0.3167, 0.3333, 0.35, 0.3667, 0.3833, 0.4, 0.4167, 0.4333, 0.45, 0.4667, 0.4833, 0.5, 0.5167, 0.5333, 0.55, 0.5667, 0.5833, 0.6, 0.6167, 0.6333, 0.65, 0.6667],
            "transform": [
                [1.0, 0.0, 0.0, -5e-06, 0.0, -0.173648, -0.984808, 0.000946, 0.0, 0.984808, -0.173648, 0.853572, 0.0, 0.0, 0.0, 1.0],
                [1.0, 0.0, 0.0, -5e-06, 0.0, -0.173648, -0.984808, 0.000946, 0.0, 0.984808, -0.173648, 0.853572, 0.0, 0.0, 0.0, 1.0],
                [1.0, 0.0, 0.0, -5e-06, 0.0, -0.173648, -0.984808, 0.000946, 0.0, 0.984808, -0.173648, 0.853572, 0.0, 0.0, 0.0, 1.0],
                [1.0, 0.0, 0.0, -5e-06, 0.0, -0.173648, -0.984808, 0.000946, 0.0, 0.984808, -0.173648, 0.853572, 0.0, 0.0, 0.0, 1.0],
                [1.0, 0.0, 0.0, -5e-06, 0.0, -0.173648, -0.984808, 0.000946, 0.0, 0.984808, -0.173648, 0.853572, 0.0, 0.0, 0.0, 1.0],
                [1.0, 0.0, 0.0, -5e-06, 0.0, -0.173648, -0.984808, 0.000946, 0.0, 0.984808, -0.173648, 0.853572, 0.0, 0.0, 0.0, 1.0],
                [1.0, 0.0, 0.0, -5e-06, 0.0, -0.173648, -0.984808, 0.000946, 0.0, 0.984808, -0.173648, 0.853572, 0.0, 0.0, 0.0, 1.0],
                [1.0, 0.0, 0.0, -5e-06, 0.0, -0.173648, -0.984808, 0.000946, 0.0, 0.984808, -0.173648, 0.853572, 0.0, 0.0, 0.0, 1.0],
                [1.0, 0.0, 0.0, -5e-06, 0.0, -0.173648, -0.984808, 0.000946, 0.0, 0.984808, -0.173648, 0.853572, 0.0, 0.0, 0.0, 1.0],
                [1.0, 0.0, 0.0, -5e-06, 0.0, -0.173648, -0.984808, 0.000946, 0.0, 0.984808, -0.173648, 0.853572, 0.0, 0.0, 0.0, 1.0],
                [1.0, 0.0, 0.0, -5e-06, 0.0, -0.173648, -0.984808, 0.000946, 0.0, 0.984808, -0.173648, 0.853572, 0.0, 0.0, 0.0, 1.0],
                [1.0, 0.0, 0.0, -5e-06, 0.0, -0.173648, -0.984808, 0.000946, 0.0, 0.984808, -0.173648, 0.853572, 0.0, 0.0, 0.0, 1.0],
                [1.0, 0.0, 0.0, -5e-06, 0.0, -0.173648, -0.984808, 0.000946, 0.0, 0.984808, -0.173648, 0.853572, 0.0, 0.0, 0.0, 1.0],
                [1.0, 0.0, 0.0, -5e-06, 0.0, -0.173648, -0.984808, 0.000946, 0.0, 0.984808, -0.173648, 0.853572, 0.0, 0.0, 0.0, 1.0],
                [1.0, 0.0, 0.0, -5e-06, 0.0, -0.173648, -0.984808, 0.000946, 0.0, 0.984808, -0.173648, 0.853572, 0.0, 0.0, 0.0, 1.0],
                [1.0, 0.0, 0.0, -5e-06, 0.0, -0.173648, -0.984808, 0.000946, 0.0, 0.984808, -0.173648, 0.853572, 0.0, 0.0, 0.0, 1.0],
                [1.0, 0.0, 0.0, -5e-06, 0.0, -0.173648, -0.984808, 0.000946, 0.0, 0.984808, -0.173648, 0.853572, 0.0, 0.0, 0.0, 1.0],
                [1.0, 0.0, 0.0, -5e-06, 0.0, -0.173648, -0.984808, 0.000946, 0.0, 0.984808, -0.173648, 0.853572, 0.0, 0.0, 0.0, 1.0],
                [1.0, 0.0, 0.0, -5e-06, 0.0, -0.173648, -0.984808, 0.000946, 0.0, 0.984808, -0.173648, 0.853572, 0.0, 0.0, 0.0, 1.0],
                [1.0, 0.0, 0.0, -5e-06, 0.0, -0.173648, -0.984808, 0.000946, 0.0, 0.984808, -0.173648, 0.853572, 0.0, 0.0, 0.0, 1.0],
                [1.0, 0.0, 0.0, -5e-06, 0.0, -0.173648, -0.984808, 0.000946, 0.0, 0.984808, -0.173648, 0.853572, 0.0, 0.0, 0.0, 1.0],
                [1.0, 0.0, 0.0, -5e-06, 0.0, -0.173648, -0.984808, 0.000946, 0.0, 0.984808, -0.173648, 0.853572, 0.0, 0.0, 0.0, 1.0],
                [1.0, 0.0, 0.0, -5e-06, 0.0, -0.173648, -0.984808, 0.000946, 0.0, 0.984808, -0.173648, 0.853572, 0.0, 0.0, 0.0, 1.0],
                [1.0, 0.0, 0.0, -5e-06, 0.0, -0.173648, -0.984808, 0.000946, 0.0, 0.984808, -0.173648, 0.853572, 0.0, 0.0, 0.0, 1.0],
                [1.0, 0.0, 0.0, -5e-06, 0.0, -0.173648, -0.984808, 0.000946, 0.0, 0.984808, -0.173648, 0.853572, 0.0, 0.0, 0.0, 1.0],
                [1.0, 0.0, 0.0, -5e-06, 0.0, -0.173648, -0.984808, 0.000946, 0.0, 0.984808, -0.173648, 0.853572, 0.0, 0.0, 0.0, 1.0],
                [1.0, 0.0, 0.0, -5e-06, 0.0, -0.173648, -0.984808, 0.000946, 0.0, 0.984808, -0.173648, 0.853572, 0.0, 0.0, 0.0, 1.0],
                [1.0, 0.0, 0.0, -5e-06, 0.0, -0.173648, -0.984808, 0.000946, 0.0, 0.984808, -0.173648, 0.853572, 0.0, 0.0, 0.0, 1.0],
                [1.0, 0.0, 0.0, -5e-06, 0.0, -0.173648, -0.984808, 0.000946, 0.0, 0.984808, -0.173648, 0.853572, 0.0, 0.0, 0.0, 1.0],
                [1.0, 0.0, 0.0, -5e-06, 0.0, -0.173648, -0.984808, 0.000946, 0.0, 0.984808, -0.173648, 0.853572, 0.0, 0.0, 0.0, 1.0],
                [1.0, 0.0, 0.0, -5e-06, 0.0, -0.173648, -0.984808, 0.000946, 0.0, 0.984808, -0.173648, 0.853572, 0.0, 0.0, 0.0, 1.0],
                [1.0, 0.0, 0.0, -5e-06, 0.0, -0.173648, -0.984808, 0.000946, 0.0, 0.984808, -0.173648, 0.853572, 0.0, 0.0, 0.0, 1.0],
                [1.0, 0.0, 0.0, -5e-06, 0.0, -0.173648, -0.984808, 0.000946, 0.0, 0.984808, -0.173648, 0.853572, 0.0, 0.0, 0.0, 1.0],
                [1.0, 0.0, 0.0, -5e-06, 0.0, -0.173648, -0.984808, 0.000946, 0.0, 0.984808, -0.173648, 0.853572, 0.0, 0.0, 0.0, 1.0],
                [1.0, 0.0, 0.0, -5e-06, 0.0, -0.173648, -0.984808, 0.000946, 0.0, 0.984808, -0.173648, 0.853572, 0.0, 0.0, 0.0, 1.0],
                [1.0, 0.0, 0.0, -5e-06, 0.0, -0.173648, -0.984808, 0.000946, 0.0, 0.984808, -0.173648, 0.853572, 0.0, 0.0, 0.0, 1.0],
                [1.0, 0.0, 0.0, -5e-06, 0.0, -0.173648, -0.984808, 0.000946, 0.0, 0.984808, -0.173648, 0.853572, 0.0, 0.0, 0.0, 1.0],
                [1.0, 0.0, 0.0, -5e-06, 0.0, -0.173648, -0.984808, 0.000946, 0.0, 0.984808, -0.173648, 0.853572, 0.0, 0.0, 0.0, 1.0],
                [1.0, 0.0, 0.0, -5e-06, 0.0, -0.173648, -0.984808, 0.000946, 0.0, 0.984808, -0.173648, 0.853572, 0.0, 0.0, 0.0, 1.0],
                [1.0, 0.0, 0.0, -5e-06, 0.0, -0.173648, -0.984808, 0.000946, 0.0, 0.984808, -0.173648, 0.853572, 0.0, 0.0, 0.0, 1.0],
                [1.0, 0.0, 0.0, -5e-06, 0.0, -0.173648, -0.984808, 0.000946, 0.0, 0.984808, -0.173648, 0.853572, 0.0, 0.0, 0.0, 1.0]
            ]
        },
        {
            "name": "Thigh_R",
            "time": [0.0, 0.0167, 0.0333, 0.05, 0.0667, 0.0833, 0.1, 0.1167, 0.1333, 0.15, 0.1667, 0.1833, 0.2, 0.2167, 0.2333, 0.25, 0.2667, 0.2833, 0.3, 0.3167, 0.3333, 0.35, 0.3667, 0.3833, 0.4, 0.4167, 0.4333, 0.45, 0.4667, 0.4833, 0.5, 0.5167, 0.5333, 0.55, 0.5667, 0.5833, 0.6, 0.6167, 0.6333, 0.65, 0.6667],
            "transform": [
                [0.998984, 0.042006, 0.016295, 0.132806, 0.03183, -0.913933, 0.40461, 0.086994, 0.031889, -0.40368, -0.914345, -0.051693, 0.0, 0.0, 0.0, 1.0],
                [0.998978, 0.041826, 0.017114, 0.132806, 0.033142, -0.935497, 0.351771, 0.084449, 0.030724, -0.350844, -0.93593, -0.055125, 0.0, 0.0, 0.0, 1.0],
                [0.998981, 0.04171, 0.01723, 0.132806, 0.034938, -0.956471, 0.289723, 0.077285, 0.028565, -0.288825, -0.956956, -0.064784, 0.0, 0.0, 0.0, 1.0],
                [0.998989, 0.041694, 0.016794, 0.132806, 0.037111, -0.975858, 0.215222, 0.066214, 0.025362, -0.214381, -0.976422, -0.07971, 0.0, 0.0, 0.0, 1.0],
                [0.998998, 0.041812, 0.01596, 0.132806, 0.039504, -0.991419, 0.124599, 0.051945, 0.021033, -0.123843, -0.99208, -0.098947, 0.0, 0.0, 0.0, 1.0],
                [0.999002, 0.042089, 0.014902, 0.132806, 0.04188, -0.999021, 0.014113, 0.03519, 0.015482, -0.013475, -0.99979, -0.121536, 0.0, 0.0, 0.0, 1.0],
                [0.998999, 0.042531, 0.013822, 0.132806, 0.043876, -0.99192, -0.11902, 0.016659, 0.008648, 0.119507, -0.992797, -0.14652, 0.0, 0.0, 0.0, 1.0],
                [0.998987, 0.043094, 0.012945, 0.132806, 0.044992, -0.960522, -0.274537, -0.002937, 0.000603, 0.274841, -0.96149, -0.172941, 0.0, 0.0, 0.0, 1.0],
                [0.998968, 0.043664, 0.01248, 0.132806, 0.044646, -0.893971, -0.445891, -0.022889, -0.008312, 0.445987, -0.895001, -0.199841, 0.0, 0.0, 0.0, 1.0],
                [0.99895, 0.044064, 0.01254, 0.132806, 0.042395, -0.785348, -0.617599, -0.042486, -0.017365, 0.617481, -0.786394, -0.226261, 0.0, 0.0, 0.0, 1.0],
                [0.99894, 0.044142, 0.013049, 0.132806, 0.038297, -0.639767, -0.767614, -0.061017, -0.025536, 0.767298, -0.640781, -0.251245, 0.0, 0.0, 0.0, 1.0],
                [0.998941, 0.043902, 0.013765, 0.132806, 0.033101, -0.477972, -0.877751, -0.077772, -0.031956, 0.877276, -0.47892, -0.273834, 0.0, 0.0, 0.0, 1.0],
                [0.998948, 0.043504, 0.014458, 0.132806, 0.027915, -0.327061, -0.944591, -0.09204, -0.036365, 0.944, -0.327932, -0.293071, 0.0, 0.0, 0.0, 1.0],
                [0.998958, 0.043085, 0.015056, 0.132806, 0.023618, -0.20571, -0.978328, -0.103112, -0.039055, 0.977662, -0.206514, -0.307998, 0.0, 0.0, 0.0, 1.0],
                [0.998968, 0.042633, 0.015629, 0.132806, 0.020634, -0.119605, -0.992608, -0.110275, -0.040449, 0.991904, -0.120361, -0.317656, 0.0, 0.0, 0.0, 1.0],
                [0.998984, 0.042006, 0.016295, 0.132806, 0.019079, -0.066751, -0.997588, -0.112821, -0.040817, 0.996883, -0.067485, -0.321088, 0.0, 0.0, 0.0, 1.0],
                [0.999007, 0.041191, 0.016967, 0.132806, 0.018314, -0.032534, -0.999304, -0.112821, -0.040611, 0.99862, -0.033256, -0.321088, 0.0, 0.0, 0.0, 1.0],
                [0.999032, 0.040366, 0.017474, 0.132806, 0.017762, -0.00678, -0.99982, -0.112821, -0.04024, 0.99916, -0.00749, -0.321088, 0.0, 0.0, 0.0, 1.0],
                [0.999056, 0.039616, 0.017831, 0.132806, 0.017518, 0.008227, -0.999814, -0.112821, -0.039755, 0.99918, 0.007525, -0.321088, 0.0, 0.0, 0.0, 1.0],
                [0.999075, 0.039013, 0.018058, 0.132806, 0.017662, 0.010452, -0.99979, -0.112821, -0.039193, 0.999183, 0.009753, -0.321088, 0.0, 0.0, 0.0, 1.0],
                [0.999088, 0.038619, 0.018173, 0.132806, 0.018271, -0.002198, -0.999831, -0.112821, -0.038572, 0.99925, -0.002901, -0.321088, 0.0, 0.0, 0.0, 1.0],
                [0.999093, 0.038493, 0.018184, 0.132806, 0.019428, -0.032215, -0.999292, -0.112821, -0.03788, 0.998738, -0.032934, -0.321088, 0.0, 0.0, 0.0, 1.0],
                [0.999087, 0.038696, 0.018079, 0.132806, 0.021237, -0.082821, -0.996339, -0.112821, -0.037057, 0.995811, -0.083568, -0.321088, 0.0, 0.0, 0.0, 1.0],
                [0.999068, 0.039299, 0.017813, 0.132806, 0.023824, -0.158219, -0.987117, -0.112821, -0.035975, 0.98662, -0.159009, -0.321088, 0.0, 0.0, 0.0, 1.0],
                [0.999035, 0.04038, 0.017284, 0.132806, 0.027334, -0.263528, -0.964265, -0.112821, -0.034382, 0.963805, -0.264378, -0.321088, 0.0, 0.0, 0.0, 1.0],
                [0.998984, 0.042006, 0.016295, 0.132806, 0.031889, -0.40368, -0.914344, -0.112821, -0.03183, 0.913933, -0.404611, -0.321088, 0.0, 0.0, 0.0, 1.0],
                [0.998935, 0.043638, 0.014941, 0.132806, 0.036767, -0.557734, -0.829205, -0.109778, -0.027852, 0.82887, -0.558746, -0.314834, 0.0, 0.0, 0.0, 1.0],
                [0.998907, 0.044708, 0.013609, 0.132806, 0.040935, -0.696556, -0.716333, -0.101323, -0.022547, 0.716106, -0.697626, -0.297853, 0.0, 0.0, 0.0, 1.0],
                [0.998898, 0.045248, 0.012441, 0.132806, 0.044031, -0.812035, -0.581943, -0.08847, -0.016229, 0.581849, -0.813135, -0.272822, 0.0, 0.0, 0.0, 1.0],
                [0.998904, 0.045341, 0.011559, 0.132806, 0.045851, -0.899182, -0.435163, -0.072232, -0.009337, 0.435215, -0.900278, -0.242414, 0.0, 0.0, 0.0, 1.0],
                [0.998921, 0.045109, 0.011038, 0.132806, 0.046381, -0.957068, -0.286124, -0.053622, -0.002343, 0.286326, -0.95813, -0.209305, 0.0, 0.0, 0.0, 1.0],
                [0.998941, 0.044681, 0.010898, 0.132806, 0.045785, -0.988525, -0.143942, -0.033654, 0.004342, 0.144288, -0.989527, -0.17617, 0.0, 0.0, 0.0, 1.0],
                [0.998962, 0.044168, 0.011112, 0.132806, 0.044336, -0.998897, -0.015349, -0.01334, 0.010422, 0.015826, -0.999821, -0.145683, 0.0, 0.0, 0.0, 1.0],
                [0.998979, 0.043657, 0.011618, 0.132806, 0.042348, -0.994505, 0.095725, 0.006397, 0.015733, -0.095135, -0.995341, -0.12, 0.0, 0.0, 0.0, 1.0],
                [0.99899, 0.043198, 0.012337, 0.132806, 0.040117, -0.981382, 0.187819, 0.025004, 0.020221, -0.187134, -0.982127, -0.099193, 0.0, 0.0, 0.0, 1.0],
                [0.998996, 0.042816, 0.013183, 0.132806, 0.037891, -0.964528, 0.26124, 0.042018, 0.0239, -0.260478, -0.965185, -0.082815, 0.0, 0.0, 0.0, 1.0],
                [0.998996, 0.042515, 0.014068, 0.132806, 0.035861, -0.947635, 0.317331, 0.056976, 0.026823, -0.316508, -0.948211, -0.070418, 0.0, 0.0, 0.0, 1.0],
                [0.998994, 0.042291, 0.014909, 0.132806, 0.034162, -0.933133, 0.3579, 0.069415, 0.029048, -0.357029, -0.933642, -0.061555, 0.0, 0.0, 0.0, 1.0],
                [0.998989, 0.042135, 0.015618, 0.132806, 0.032888, -0.922398, 0.384833, 0.078873, 0.030621, -0.38393, -0.922855, -0.055778, 0.0, 0.0, 0.0, 1.0],
                [0.998986, 0.04204, 0.016111, 0.132806, 0.032098, -0.915999, 0.399891, 0.084887, 0.031569, -0.398968, -0.916422, -0.05264, 0.0, 0.0, 0.0, 1.0],
                [0.998984, 0.042006, 0.016295, 0.132806, 0.03183, -0.913933, 0.40461, 0.086994, 0.031889, -0.40368, -0.914345, -0.051693, 0.0, 0.0, 0.0, 1.0]
            ]
        },
        {
            "name": "Leg_R",
            "time": [0.0, 0.6667],
            "transform": [
                [1.0, -0.0, 0.0, 0.0, -0.0, 1.000001, -0.0, 0.37472, -0.0, -0.0, 0.999999, -0.0, 0.0, 0.0, 0.0, 1.0],
                [1.0, -0.0, 0.0, -0.0, -0.0, 1.000001, -0.0, 0.37472, -0.0, -0.0, 0.999999, -0.0, 0.0, 0.0, 0.0, 1.0]
            ]
        },
        {
            "name": "Knee_R",
            "time": [0.0, 0.6667],
            "transform": [
                [1.0, 0.0, -0.0, 0.0, -0.0, 0.0, -1.0, 0.37472, -0.0, 1.0, 0.0, -0.0, 0.0, 0.0, 0.0, 1.0],
                [1.0, 0.0, -0.0, -0.0, -0.0, 0.0, -1.0, 0.37472, -0.0, 1.0, 0.0, -0.0, 0.0, 0.0, 0.0, 1.0]
            ]
        },
        {
            "name": "Thigh_L",
            "time": [0.0, 0.0167, 0.0333, 0.05, 0.0667, 0.0833, 0.1, 0.1167, 0.1333, 0.15, 0.1667, 0.1833, 0.2, 0.2167, 0.2333, 0.25, 0.2667, 0.2833, 0.3, 0.3167, 0.3333, 0.35, 0.3667, 0.3833, 0.4, 0.4167, 0.4333, 0.45, 0.4667, 0.4833, 0.5, 0.5167, 0.5333, 0.55, 0.5667, 0.5833, 0.6, 0.6167, 0.6333, 0.65, 0.6667],
            "transform": [
                [0.998984, -0.042006, -0.016296, -0.132819, -0.01908, -0.066751, -0.997588, -0.112821, 0.040817, 0.996883, -0.067485, -0.321088, 0.0, 0.0, 0.0, 1.0],
                [0.999019, -0.040981, -0.016765, -0.132819, -0.018105, -0.03254, -0.999307, -0.112821, 0.040407, 0.998628, -0.033251, -0.321088, 0.0, 0.0, 0.0, 1.0],
                [0.99905, -0.040044, -0.017156, -0.132819, -0.017441, -0.006789, -0.999825, -0.112821, 0.03992, 0.999173, -0.007481, -0.321088, 0.0, 0.0, 0.0, 1.0],
                [0.999076, -0.039255, -0.017468, -0.132819, -0.017158, 0.008217, -0.99982, -0.112821, 0.039391, 0.999194, 0.007535, -0.321088, 0.0, 0.0, 0.0, 1.0],
                [0.999095, -0.038664, -0.017707, -0.132819, -0.017315, 0.010442, -0.999796, -0.112821, 0.038841, 0.999196, 0.009763, -0.321088, 0.0, 0.0, 0.0, 1.0],
                [0.999105, -0.038317, -0.017873, -0.132819, -0.01797, -0.002206, -0.999837, -0.112821, 0.038271, 0.999262, -0.002893, -0.321088, 0.0, 0.0, 0.0, 1.0],
                [0.999106, -0.038258, -0.017958, -0.132819, -0.019195, -0.032222, -0.999297, -0.112821, 0.037652, 0.998747, -0.032927, -0.321088, 0.0, 0.0, 0.0, 1.0],
                [0.999096, -0.038538, -0.017934, -0.132819, -0.021079, -0.082826, -0.996342, -0.112821, 0.036911, 0.995817, -0.083564, -0.321088, 0.0, 0.0, 0.0, 1.0],
                [0.999073, -0.039215, -0.017742, -0.132819, -0.02374, -0.158222, -0.987119, -0.112821, 0.035902, 0.986623, -0.159007, -0.321088, 0.0, 0.0, 0.0, 1.0],
                [0.999036, -0.040354, -0.017266, -0.132819, -0.02731, -0.263529, -0.964265, -0.112821, 0.034362, 0.963805, -0.264378, -0.321088, 0.0, 0.0, 0.0, 1.0],
                [0.998984, -0.042006, -0.016296, -0.132819, -0.03189, -0.40368, -0.914344, -0.112821, 0.031829, 0.913934, -0.404611, -0.321088, 0.0, 0.0, 0.0, 1.0],
                [0.998935, -0.043639, -0.014942, -0.132819, -0.036768, -0.557734, -0.829205, -0.109778, 0.027852, 0.82887, -0.558746, -0.314834, 0.0, 0.0, 0.0, 1.0],
                [0.998907, -0.044709, -0.01361, -0.132819, -0.040936, -0.696556, -0.716333, -0.101323, 0.022547, 0.716106, -0.697626, -0.297853, 0.0, 0.0, 0.0, 1.0],
                [0.998898, -0.045248, -0.012442, -0.132819, -0.044032, -0.812035, -0.581943, -0.08847, 0.016229, 0.581849, -0.813135, -0.272821, 0.0, 0.0, 0.0, 1.0],
                [0.998904, -0.045342, -0.01156, -0.132819, -0.045852, -0.899182, -0.435163, -0.072232, 0.009337, 0.435215, -0.900278, -0.242414, 0.0, 0.0, 0.0, 1.0],
                [0.998921, -0.04511, -0.011039, -0.132819, -0.046382, -0.957068, -0.286124, -0.053622, 0.002342, 0.286326, -0.95813, -0.209305, 0.0, 0.0, 0.0, 1.0],
                [0.998941, -0.044681, -0.010899, -0.132819, -0.045786, -0.988525, -0.143942, -0.033654, -0.004342, 0.144288, -0.989527, -0.17617, 0.0, 0.0, 0.0, 1.0],
                [0.998962, -0.044169, -0.011112, -0.132819, -0.044337, -0.998897, -0.015349, -0.01334, -0.010422, 0.015826, -0.999821, -0.145683, 0.0, 0.0, 0.0, 1.0],
                [0.998979, -0.043658, -0.011618, -0.132819, -0.042349, -0.994505, 0.095725, 0.006397, -0.015734, -0.095135, -0.995341, -0.12, 0.0, 0.0, 0.0, 1.0],
                [0.99899, -0.043199, -0.012337, -0.132819, -0.040118, -0.981382, 0.187819, 0.025004, -0.020221, -0.187134, -0.982127, -0.099193, 0.0, 0.0, 0.0, 1.0],
                [0.998996, -0.042817, -0.013183, -0.132819, -0.037892, -0.964528, 0.26124, 0.042018, -0.023901, -0.260478, -0.965185, -0.082815, 0.0, 0.0, 0.0, 1.0],
                [0.998996, -0.042516, -0.014068, -0.132818, -0.035862, -0.947635, 0.317331, 0.056976, -0.026824, -0.316508, -0.948211, -0.070418, 0.0, 0.0, 0.0, 1.0],
                [0.998994, -0.042292, -0.014909, -0.132818, -0.034163, -0.933133, 0.3579, 0.069415, -0.029048, -0.357029, -0.933642, -0.061555, 0.0, 0.0, 0.0, 1.0],
                [0.998989, -0.042136, -0.015618, -0.132818, -0.032889, -0.922398, 0.384833, 0.078873, -0.030622, -0.38393, -0.922855, -0.055778, 0.0, 0.0, 0.0, 1.0],
                [0.998986, -0.04204, -0.016111, -0.132818, -0.032099, -0.915999, 0.399891, 0.084887, -0.031569, -0.398968, -0.916422, -0.05264, 0.0, 0.0, 0.0, 1.0],
                [0.998984, -0.042007, -0.016295, -0.132818, -0.031831, -0.913933, 0.40461, 0.086994, -0.031889, -0.40368, -0.914345, -0.051693, 0.0, 0.0, 0.0, 1.0],
                [0.998985, -0.042019, -0.016224, -0.132818, -0.032433, -0.920982, 0.388249, 0.084449, -0.031256, -0.387328, -0.921412, -0.055125, 0.0, 0.0, 0.0, 1.0],
                [0.998986, -0.04206, -0.016027, -0.132818, -0.034103, -0.939677, 0.340354, 0.077285, -0.029376, -0.339462, -0.940162, -0.064784, 0.0, 0.0, 0.0, 1.0],
                [0.998987, -0.042144, -0.015731, -0.132819, -0.036578, -0.964571, 0.26127, 0.066214, -0.026185, -0.26043, -0.965138, -0.07971, 0.0, 0.0, 0.0, 1.0],
                [0.998987, -0.042288, -0.015367, -0.132819, -0.039493, -0.987765, 0.150853, 0.051945, -0.021559, -0.150093, -0.988438, -0.098947, 0.0, 0.0, 0.0, 1.0],
                [0.998983, -0.042511, -0.014976, -0.132819, -0.042356, -0.999045, 0.010547, 0.03519, -0.01541, -0.009902, -0.999833, -0.121536, 0.0, 0.0, 0.0, 1.0],
                [0.998976, -0.042818, -0.014607, -0.132819, -0.044562, -0.98701, -0.154346, 0.016659, -0.007809, 0.154839, -0.98791, -0.14652, 0.0, 0.0, 0.0, 1.0],
                [0.998964, -0.043191, -0.01432, -0.132819, -0.045494, -0.941784, -0.333122, -0.002937, 0.000901, 0.333428, -0.942776, -0.172941, 0.0, 0.0, 0.0, 1.0],
                [0.998949, -0.043585, -0.014166, -0.132819, -0.044709, -0.858846, -0.510277, -0.022889, 0.010074, 0.510373, -0.859894, -0.199841, 0.0, 0.0, 0.0, 1.0],
                [0.998934, -0.043932, -0.014172, -0.132819, -0.042124, -0.741985, -0.669091, -0.042486, 0.018879, 0.668973, -0.743047, -0.226261, 0.0, 0.0, 0.0, 1.0],
                [0.998921, -0.044156, -0.014334, -0.132819, -0.03809, -0.603039, -0.796802, -0.061017, 0.02654, 0.796487, -0.604072, -0.251245, 0.0, 0.0, 0.0, 1.0],
                [0.998916, -0.044196, -0.014617, -0.132819, -0.033266, -0.458085, -0.888286, -0.077772, 0.032562, 0.887807, -0.45906, -0.273834, 0.0, 0.0, 0.0, 1.0],
                [0.998918, -0.044013, -0.01498, -0.132819, -0.028399, -0.322523, -0.946136, -0.09204, 0.036811, 0.945536, -0.323425, -0.293071, 0.0, 0.0, 0.0, 1.0],
                [0.998931, -0.043591, -0.015387, -0.132819, -0.024134, -0.207878, -0.977858, -0.103112, 0.039427, 0.977181, -0.208708, -0.307998, 0.0, 0.0, 0.0, 1.0],
                [0.998953, -0.042924, -0.015822, -0.132819, -0.02093, -0.121281, -0.992398, -0.110275, 0.040678, 0.991688, -0.122053, -0.317656, 0.0, 0.0, 0.0, 1.0],
                [0.998984, -0.042006, -0.016296, -0.132819, -0.01908, -0.066751, -0.997588, -0.112821, 0.040817, 0.996883, -0.067485, -0.321088, 0.0, 0.0, 0.0, 1.0]
            ]
        },
        {
            "name": "Leg_L",
            "time": [0.0, 0.6667],
            "transform": [
                [1.0, -0.0, 0.0, -0.0, -0.0, 1.0, 0.0, 0.37472, 0.0, -0.0, 1.0, 0.0, 0.0, 0.0, 0.0, 1.0],
                [1.0, -0.0, -0.0, 0.0, -0.0, 1.0, -0.0, 0.37472, 0.0, 0.0, 1.0, 0.0, 0.0, 0.0, 0.0, 1.0]
            ]
        },
        {
            "name": "Knee_L",
            "time": [0.0, 0.6667],
            "transform": [
                [1.0, 0.0, -0.0, 0.0, -0.0, 0.0, -1.0, 0.37472, -0.0, 1.0, 0.0, 0.0, 0.0, 0.0, 0.0, 1.0],
                [1.0, 0.0, -0.0, -0.0, -0.0, 0.0, -1.0, 0.37472, -0.0, 1.0, 0.0, 0.0, 0.0, 0.0, 0.0, 1.0]
            ]
        },
        {
            "name": "Torso",
            "time": [0.0, 0.0167, 0.0333, 0.05, 0.0667, 0.0833, 0.1, 0.1167, 0.1333, 0.15, 0.1667, 0.1833, 0.2, 0.2167, 0.2333, 0.25, 0.2667, 0.2833, 0.3, 0.3167, 0.3333, 0.35, 0.3667, 0.3833, 0.4, 0.4167, 0.4333, 0.45, 0.4667, 0.4833, 0.5, 0.5167, 0.5333, 0.55, 0.5667, 0.5833, 0.6, 0.6167, 0.6333, 0.65, 0.6667],
            "transform": [
                [1.0, -0.0, 0.0, -0.0, -0.0, 0.759258, 0.65079, 0.05, -0.0, -0.650791, 0.759258, 0.0, 0.0, 0.0, 0.0, 1.0],
                [1.0, -0.0, 0.0, -0.0, -0.0, 0.761296, 0.648405, 0.05, -0.0, -0.648405, 0.761296, 0.0, 0.0, 0.0, 0.0, 1.0],
                [1.0, -0.0, 0.0, -0.0, -0.0, 0.763326, 0.646014, 0.05, -0.0, -0.646014, 0.763326, 0.0, 0.0, 0.0, 0.0, 1.0],
                [1.0, -0.0, 0.0, -0.0, -0.0, 0.765348, 0.643617, 0.05, -0.0, -0.643617, 0.765348, 0.0, 0.0, 0.0, 0.0, 1.0],
                [1.0, -0.0, 0.0, -0.0, -0.0, 0.767362, 0.641214, 0.05, -0.0, -0.641215, 0.767362, 0.0, 0.0, 0.0, 0.0, 1.0],
                [1.0, -0.0, 0.0, -0.0, -0.0, 0.769368, 0.638806, 0.05, -0.0, -0.638806, 0.769368, 0.0, 0.0, 0.0, 0.0, 1.0],
                [1.0, -0.0, 0.0, -0.0, -0.0, 0.771367, 0.636391, 0.05, -0.0, -0.636391, 0.771367, 0.0, 0.0, 0.0, 0.0, 1.0],
                [1.0, -0.0, 0.0, -0.0, -0.0, 0.773357, 0.633971, 0.05, -0.0, -0.633971, 0.773357, 0.0, 0.0, 0.0, 0.0, 1.0],
                [1.0, -0.0, 0.0, -0.0, -0.0, 0.775339, 0.631545, 0.05, -0.0, -0.631546, 0.775339, 0.0, 0.0, 0.0, 0.0, 1.0],
                [1.0, -0.0, 0.0, -0.0, -0.0, 0.777313, 0.629114, 0.05, -0.0, -0.629114, 0.777313, 0.0, 0.0, 0.0, 0.0, 1.0],
                [1.0, -0.0, 0.0, -0.0, -0.0, 0.779279, 0.626677, 0.05, -0.0, -0.626677, 0.779279, 0.0, 0.0, 0.0, 0.0, 1.0],
                [1.0, -0.0, 0.0, -0.0, -0.0, 0.781238, 0.624234, 0.05, -0.0, -0.624234, 0.781238, 0.0, 0.0, 0.0, 0.0, 1.0],
                [1.0, -0.0, 0.0, -0.0, -0.0, 0.783187, 0.621786, 0.05, -0.0, -0.621786, 0.783187, 0.0, 0.0, 0.0, 0.0, 1.0],
                [1.0, -0.0, 0.0, -0.0, -0.0, 0.785129, 0.619333, 0.05, -0.0, -0.619333, 0.785129, 0.0, 0.0, 0.0, 0.0, 1.0],
                [1.0, -0.0, 0.0, -0.0, -0.0, 0.787063, 0.616873, 0.05, -0.0, -0.616873, 0.787063, 0.0, 0.0, 0.0, 0.0, 1.0],
                [1.0, -0.0, 0.0, -0.0, -0.0, 0.788988, 0.614409, 0.05, -0.0, -0.614409, 0.788988, 0.0, 0.0, 0.0, 0.0, 1.0],
                [1.0, -0.0, 0.0, -0.0, -0.0, 0.790905, 0.611939, 0.05, -0.0, -0.611939, 0.790905, 0.0, 0.0, 0.0, 0.0, 1.0],
                [1.0, -0.0, 0.0, -0.0, -0.0, 0.792814, 0.609464, 0.05, -0.0, -0.609464, 0.792814, 0.0, 0.0, 0.0, 0.0, 1.0],
                [1.0, -0.0, 0.0, -0.0, -0.0, 0.794715, 0.606983, 0.05, -0.0, -0.606983, 0.794715, 0.0, 0.0, 0.0, 0.0, 1.0],
                [1.0, -0.0, 0.0, -0.0, -0.0, 0.796608, 0.604497, 0.05, -0.0, -0.604497, 0.796608, 0.0, 0.0, 0.0, 0.0, 1.0],
                [1.0, -0.0, 0.0, -0.0, -0.0, 0.798492, 0.602006, 0.05, -0.0, -0.602006, 0.798492, 0.0, 0.0, 0.0, 0.0, 1.0],
                [1.0, -0.0, 0.0, -0.0, -0.0, 0.79836, 0.602181, 0.05, -0.0, -0.602181, 0.79836, 0.0, 0.0, 0.0, 0.0, 1.0],
                [1.0, -0.0, 0.0, -0.0, -0.0, 0.797958, 0.602713, 0.05, -0.0, -0.602713, 0.797958, 0.0, 0.0, 0.0, 0.0, 1.0],
                [1.0, -0.0, 0.0, -0.0, -0.0, 0.797276, 0.603615, 0.05, -0.0, -0.603616, 0.797276, 0.0, 0.0, 0.0, 0.0, 1.0],
                [1.0, -0.0, 0.0, -0.0, -0.0, 0.796301, 0.604902, 0.05, -0.0, -0.604902, 0.796301, 0.0, 0.0, 0.0, 0.0, 1.0],
                [1.0, -0.0, 0.0, -0.0, -0.0, 0.795019, 0.606585, 0.05, -0.0, -0.606585, 0.795019, 0.0, 0.0, 0.0, 0.0, 1.0],
                [1.0, -0.0, 0.0, -0.0, -0.0, 0.793418, 0.608678, 0.05, -0.0, -0.608678, 0.793417, 0.0, 0.0, 0.0, 0.0, 1.0],
                [1.0, -0.0, 0.0, -0.0, -0.0, 0.791484, 0.61119, 0.05, -0.0, -0.61119, 0.791484, 0.0, 0.0, 0.0, 0.0, 1.0],
                [1.0, -0.0, 0.0, -0.0, -0.0, 0.789212, 0.614121, 0.05, -0.0, -0.614121, 0.789212, 0.0, 0.0, 0.0, 0.0, 1.0],
                [1.0, -0.0, 0.0, -0.0, -0.0, 0.786603, 0.617459, 0.05, -0.0, -0.617459, 0.786603, 0.0, 0.0, 0.0, 0.0, 1.0],
                [1.0, -0.0, 0.0, -0.0, -0.0, 0.783677, 0.621169, 0.05, -0.0, -0.621169, 0.783677, 0.0, 0.0, 0.0, 0.0, 1.0],
                [1.0, -0.0, 0.0, -0.0, -0.0, 0.780477, 0.625185, 0.05, -0.0, -0.625185, 0.780477, 0.0, 0.0, 0.0, 0.0, 1.0],
                [1.0, -0.0, 0.0, -0.0, -0.0, 0.777082, 0.6294, 0.05, -0.0, -0.6294, 0.777082, 0.0, 0.0, 0.0, 0.0, 1.0],
                [1.0, -0.0, 0.0, -0.0, -0.0, 0.77361, 0.633663, 0.05, -0.0, -0.633663, 0.77361, 0.0, 0.0, 0.0, 0.0, 1.0],
                [1.0, -0.0, 0.0, -0.0, -0.0, 0.770214, 0.637786, 0.05, -0.0, -0.637786, 0.770214, 0.0, 0.0, 0.0, 0.0, 1.0],
                [1.0, -0.0, 0.0, -0.0, -0.0, 0.767064, 0.641571, 0.05, -0.0, -0.641571, 0.767064, 0.0, 0.0, 0.0, 0.0, 1.0],
                [1.0, -0.0, 0.0, -0.0, -0.0, 0.764323, 0.644835, 0.05, -0.0, -0.644835, 0.764323, 0.0, 0.0, 0.0, 0.0, 1.0],
                [1.0, -0.0, 0.0, -0.0, -0.0, 0.762115, 0.647442, 0.05, -0.0, -0.647442, 0.762115, 0.0, 0.0, 0.0, 0.0, 1.0],
                [1.0, -0.0, 0.0, -0.0, -0.0, 0.76052, 0.649315, 0.05, -0.0, -0.649315, 0.76052, 0.0, 0.0, 0.0, 0.0, 1.0],
                [1.0, -0.0, 0.0, -0.0, -0.0, 0.759569, 0.650427, 0.05, -0.0, -0.650427, 0.759569, 0.0, 0.0, 0.0, 0.0, 1.0],
                [1.0, -0.0, 0.0, -0.0, -0.0, 0.759258, 0.65079, 0.05, -0.0, -0.650791, 0.759258, 0.0, 0.0, 0.0, 0.0, 1.0]
            ]
        },
        {
            "name": "Chest",
            "time": [0.0, 0.6667],
            "transform": [
                [1.0, -0.0, -0.0, -0.0, 0.0, 1.0, -0.0, 0.3, -0.0, -0.0, 1.0, 0.0, 0.0, 0.0, 0.0, 1.0],
                [1.0, -0.0, -0.0, -0.0, 0.0, 1.0, -0.0, 0.3, -0.0, -0.0, 1.0, 0.0, 0.0, 0.0, 0.0, 1.0]
            ]
        },
        {
            "name": "Head",
            "time": [0.0, 0.0167, 0.0333, 0.05, 0.0667, 0.0833, 0.1, 0.1167, 0.1333, 0.15, 0.1667, 0.1833, 0.2, 0.2167, 0.2333, 0.25, 0.2667, 0.2833, 0.3, 0.3167, 0.3333, 0.35, 0.3667, 0.3833, 0.4, 0.4167, 0.4333, 0.45, 0.4667, 0.4833, 0.5, 0.5167, 0.5333, 0.55, 0.5667, 0.5833, 0.6, 0.6167, 0.6333, 0.65, 0.6667],
            "transform": [
                [1.0, 0.0, 0.0, 0.0, -0.0, 0.855968, 0.517029, 0.4, -0.0, -0.517029, 0.855968, -0.0, 0.0, 0.0, 0.0, 1.0],
                [1.0, 0.0, 0.0, -0.0, -0.0, 0.855968, 0.517029, 0.4, -0.0, -0.517029, 0.855968, -0.0, 0.0, 0.0, 0.0, 1.0],
                [1.0, 0.0, 0.0, 0.0, -0.0, 0.855968, 0.517029, 0.4, -0.0, -0.517029, 0.855968, 0.0, 0.0, 0.0, 0.0, 1.0],
                [1.0, 0.0, 0.0, 0.0, -0.0, 0.855968, 0.517029, 0.4, -0.0, -0.517029, 0.855968, 0.0, 0.0, 0.0, 0.0, 1.0],
                [1.0, 0.0, 0.0, 0.0, -0.0, 0.855968, 0.517029, 0.4, -0.0, -0.517029, 0.855968, -0.0, 0.0, 0.0, 0.0, 1.0],
                [1.0, 0.0, 0.0, -0.0, -0.0, 0.855968, 0.517029, 0.4, -0.0, -0.517029, 0.855968, -0.0, 0.0, 0.0, 0.0, 1.0],
                [1.0, 0.0, 0.0, 0.0, -0.0, 0.855968, 0.517029, 0.4, -0.0, -0.517029, 0.855968, -0.0, 0.0, 0.0, 0.0, 1.0],
                [1.0, 0.0, 0.0, -0.0, -0.0, 0.855968, 0.517029, 0.4, -0.0, -0.517029, 0.855968, -0.0, 0.0, 0.0, 0.0, 1.0],
                [1.0, 0.0, 0.0, -0.0, -0.0, 0.855968, 0.517029, 0.4, -0.0, -0.517029, 0.855968, -0.0, 0.0, 0.0, 0.0, 1.0],
                [1.0, 0.0, 0.0, 0.0, -0.0, 0.855968, 0.517029, 0.4, -0.0, -0.517029, 0.855968, -0.0, 0.0, 0.0, 0.0, 1.0],
                [1.0, 0.0, 0.0, 0.0, -0.0, 0.855968, 0.517029, 0.4, -0.0, -0.517029, 0.855968, -0.0, 0.0, 0.0, 0.0, 1.0],
                [1.0, 0.0, 0.0, 0.0, -0.0, 0.855968, 0.517029, 0.4, -0.0, -0.517029, 0.855968, -0.0, 0.0, 0.0, 0.0, 1.0],
                [1.0, 0.0, 0.0, -0.0, -0.0, 0.855968, 0.517029, 0.4, -0.0, -0.517029, 0.855968, -0.0, 0.0, 0.0, 0.0, 1.0],
                [1.0, 0.0, 0.0, -0.0, -0.0, 0.855968, 0.517029, 0.4, -0.0, -0.517029, 0.855968, -0.0, 0.0, 0.0, 0.0, 1.0],
                [1.0, 0.0, 0.0, -0.0, -0.0, 0.855968, 0.517029, 0.4, -0.0, -0.517029, 0.855968, -0.0, 0.0, 0.0, 0.0, 1.0],
                [1.0, 0.0, 0.0, -0.0, -0.0, 0.855968, 0.517029, 0.4, -0.0, -0.517029, 0.855968, -0.0, 0.0, 0.0, 0.0, 1.0],
                [1.0, 0.0, 0.0, -0.0, -0.0, 0.855968, 0.517029, 0.4, -0.0, -0.517029, 0.855968, 0.0, 0.0, 0.0, 0.0, 1.0],
                [1.0, 0.0, 0.0, -0.0, -0.0, 0.855968, 0.517029, 0.4, -0.0, -0.517029, 0.855968, -0.0, 0.0, 0.0, 0.0, 1.0],
                [1.0, 0.0, 0.0, 0.0, -0.0, 0.855968, 0.517029, 0.4, -0.0, -0.517029, 0.855968, -0.0, 0.0, 0.0, 0.0, 1.0],
                [1.0, 0.0, 0.0, -0.0, -0.0, 0.855968, 0.517029, 0.4, -0.0, -0.517029, 0.855968, -0.0, 0.0, 0.0, 0.0, 1.0],
                [1.0, 0.0, 0.0, -0.0, -0.0, 0.855968, 0.517029, 0.4, -0.0, -0.517029, 0.855968, -0.0, 0.0, 0.0, 0.0, 1.0],
                [1.0, 0.0, 0.0, -0.0, -0.0, 0.854814, 0.518933, 0.4, -0.0, -0.518933, 0.854814, -0.0, 0.0, 0.0, 0.0, 1.0],
                [1.0, 0.0, 0.0, 0.0, -0.0, 0.853858, 0.520506, 0.4, -0.0, -0.520506, 0.853858, -0.0, 0.0, 0.0, 0.0, 1.0],
                [1.0, 0.0, 0.0, 0.0, -0.0, 0.853095, 0.521755, 0.4, -0.0, -0.521755, 0.853095, 0.0, 0.0, 0.0, 0.0, 1.0],
                [1.0, 0.0, 0.0, 0.0, -0.0, 0.852519, 0.522696, 0.4, -0.0, -0.522695, 0.852519, -0.0, 0.0, 0.0, 0.0, 1.0],
                [1.0, 0.0, 0.0, 0.0, -0.0, 0.852123, 0.523342, 0.4, -0.0, -0.523342, 0.852123, -0.0, 0.0, 0.0, 0.0, 1.0],
                [1.0, 0.0, 0.0, -0.0, -0.0, 0.851895, 0.523713, 0.4, -0.0, -0.523713, 0.851895, -0.0, 0.0, 0.0, 0.0, 1.0],
                [1.0, 0.0, 0.0, 0.0, -0.0, 0.851822, 0.523831, 0.4, -0.0, -0.523831, 0.851822, -0.0, 0.0, 0.0, 0.0, 1.0],
                [1.0, 0.0, 0.0, 0.0, -0.0, 0.85189, 0.523721, 0.4, -0.0, -0.523721, 0.85189, 0.0, 0.0, 0.0, 0.0, 1.0],
                [1.0, 0.0, 0.0, 0.0, -0.0, 0.852081, 0.52341, 0.4, -0.0, -0.52341, 0.852081, -0.0, 0.0, 0.0, 0.0, 1.0],
                [1.0, 0.0, 0.0, -0.0, -0.0, 0.852375, 0.522931, 0.4, -0.0, -0.522931, 0.852375, -0.0, 0.0, 0.0, 0.0, 1.0],
                [1.0, 0.0, 0.0, -0.0, -0.0, 0.852751, 0.522317, 0.4, -0.0, -0.522317, 0.852751, -0.0, 0.0, 0.0, 0.0, 1.0],
                [1.0, 0.0, 0.0, 0.0, -0.0, 0.853187, 0.521605, 0.4, -0.0, -0.521605, 0.853187, -0.0, 0.0, 0.0, 0.0, 1.0],
                [1.0, 0.0, 0.0, 0.0, -0.0, 0.853659, 0.520833, 0.4, -0.0, -0.520833, 0.853659, -0.0, 0.0, 0.0, 0.0, 1.0],
                [1.0, 0.0, 0.0, 0.0, -0.0, 0.854142, 0.52004, 0.4, -0.0, -0.52004, 0.854142, -0.0, 0.0, 0.0, 0.0, 1.0],
                [1.0, 0.0, 0.0, -0.0, -0.0, 0.854613, 0.519266, 0.4, -0.0, -0.519266, 0.854613, -0.0, 0.0, 0.0, 0.0, 1.0],
                [1.0, 0.0, 0.0, -0.0, -0.0, 0.855047, 0.518551, 0.4, -0.0, -0.518551, 0.855047, -0.0, 0.0, 0.0, 0.0, 1.0],
                [1.0, 0.0, 0.0, -0.0, -0.0, 0.85542, 0.517934, 0.4, -0.0, -0.517934, 0.85542, -0.0, 0.0, 0.0, 0.0, 1.0],
                [1.0, 0.0, 0.0, -0.0, -0.0, 0.855712, 0.517452, 0.4, -0.0, -0.517452, 0.855712, 0.0, 0.0, 0.0, 0.0, 1.0],
                [1.0, 0.0, 0.0, -0.0, -0.0, 0.855901, 0.51714, 0.4, -0.0, -0.51714, 0.855901, 0.0, 0.0, 0.0, 0.0, 1.0],
                [1.0, 0.0, 0.0, 0.0, -0.0, 0.855968, 0.517029, 0.4, -0.0, -0.517029, 0.855968, -0.0, 0.0, 0.0, 0.0, 1.0]
            ]
        },
        {
            "name": "Shoulder_R",
            "time": [0.0, 0.6667],
            "transform": [
                [0.0, 0.952114, 0.305743, 0.0, -0.0, -0.305743, 0.952114, 0.4, 1.0, 0.0, -0.0, -0.0, 0.0, 0.0, 0.0, 1.0],
                [0.0, 0.952114, 0.305743, 0.0, -0.0, -0.305743, 0.952114, 0.4, 1.0, 0.0, -0.0, -0.0, 0.0, 0.0, 0.0, 1.0]
            ]
        },
        {
            "name": "Arm_R",
            "time": [0.0, 0.0167, 0.0333, 0.05, 0.0667, 0.0833, 0.1, 0.1167, 0.1333, 0.15, 0.1667, 0.1833, 0.2, 0.2167, 0.2333, 0.25, 0.2667, 0.2833, 0.3, 0.3167, 0.3333, 0.35, 0.3667, 0.3833, 0.4, 0.4167, 0.4333, 0.45, 0.4667, 0.4833, 0.5, 0.5167, 0.5333, 0.55, 0.5667, 0.5833, 0.6, 0.6167, 0.6333, 0.65, 0.6667],
            "transform": [
                [-0.038141, -0.330509, -0.943032, 0.0, 0.027716, 0.943006, -0.331621, 0.393861, 0.998888, -0.038786, -0.026807, -0.0, 0.0, 0.0, 0.0, 1.0],
                [-0.064002, -0.360184, -0.931012, -0.000306, -0.060954, 0.932593, -0.356605, 0.394245, 0.996394, 0.033915, -0.081618, -0.000197, 0.0, 0.0, 0.0, 1.0],
                [-0.085453, -0.395396, -0.915147, -0.000567, -0.150886, 0.913051, -0.380401, 0.394573, 0.985426, 0.105517, -0.137605, -0.000366, 0.0, 0.0, 0.0, 1.0],
                [-0.100398, -0.436317, -0.895052, -0.000785, -0.242142, 0.883284, -0.403419, 0.394848, 0.965846, 0.176089, -0.194178, -0.000508, 0.0, 0.0, 0.0, 1.0],
                [-0.109329, -0.480098, -0.87148, -0.000962, -0.325586, 0.84572, -0.425061, 0.39507, 0.940195, 0.237042, -0.248536, -0.000622, 0.0, 0.0, 0.0, 1.0],
                [-0.109808, -0.519114, -0.848918, -0.001099, -0.393916, 0.806977, -0.442513, 0.395243, 0.913768, 0.285497, -0.292778, -0.00071, 0.0, 0.0, 0.0, 1.0],
                [-0.096825, -0.546424, -0.833333, -0.001198, -0.453993, 0.769509, -0.451824, 0.395367, 0.887082, 0.334179, -0.322194, -0.000775, 0.0, 0.0, 0.0, 1.0],
                [-0.074063, -0.563632, -0.824232, -0.001261, -0.50946, 0.732155, -0.454889, 0.395447, 0.858772, 0.385737, -0.340943, -0.000815, 0.0, 0.0, 0.0, 1.0],
                [-0.053306, -0.571465, -0.820468, -0.00129, -0.556492, 0.699573, -0.451105, 0.395483, 0.830697, 0.431979, -0.354849, -0.000834, 0.0, 0.0, 0.0, 1.0],
                [-0.04531, -0.56715, -0.823932, -0.001287, -0.588754, 0.681891, -0.437, 0.395479, 0.808635, 0.464694, -0.364339, -0.000832, 0.0, 0.0, 0.0, 1.0],
                [-0.051252, -0.547948, -0.836443, -0.001254, -0.60348, 0.684765, -0.411607, 0.395438, 0.797305, 0.483075, -0.365313, -0.000811, 0.0, 0.0, 0.0, 1.0],
                [-0.06429, -0.509629, -0.859381, -0.001195, -0.598472, 0.709219, -0.375808, 0.395363, 0.800056, 0.48957, -0.350176, -0.000772, 0.0, 0.0, 0.0, 1.0],
                [-0.069065, -0.447828, -0.892694, -0.00111, -0.575076, 0.749428, -0.331465, 0.395257, 0.816542, 0.48993, -0.308951, -0.000718, 0.0, 0.0, 0.0, 1.0],
                [-0.058838, -0.369857, -0.928307, -0.001004, -0.540119, 0.794142, -0.282169, 0.395123, 0.840726, 0.484307, -0.246245, -0.000649, 0.0, 0.0, 0.0, 1.0],
                [-0.044006, -0.297376, -0.954667, -0.000879, -0.502153, 0.832923, -0.236306, 0.394966, 0.864676, 0.468578, -0.185818, -0.000568, 0.0, 0.0, 0.0, 1.0],
                [-0.030306, -0.239809, -0.971107, -0.000737, -0.465508, 0.863314, -0.198662, 0.394787, 0.885358, 0.445708, -0.137695, -0.000476, 0.0, 0.0, 0.0, 1.0],
                [-0.015321, -0.185599, -0.983098, -0.000582, -0.425789, 0.890935, -0.161564, 0.394592, 0.905336, 0.415875, -0.092622, -0.000376, 0.0, 0.0, 0.0, 1.0],
                [0.003822, -0.124408, -0.992643, -0.000415, -0.377334, 0.919154, -0.11665, 0.394383, 0.926518, 0.374848, -0.043413, -0.000269, 0.0, 0.0, 0.0, 1.0],
                [0.027405, -0.058629, -0.998146, -0.000242, -0.320698, 0.945251, -0.064327, 0.394165, 0.947041, 0.321788, 0.007101, -0.000156, 0.0, 0.0, 0.0, 1.0],
                [0.055092, 0.008328, -0.99851, -6.4e-05, -0.25754, 0.966314, -0.00615, 0.393941, 0.964762, 0.257479, 0.055378, -4.1e-05, 0.0, 0.0, 0.0, 1.0],
                [0.085669, 0.072496, -0.993566, 0.000116, -0.190814, 0.979963, 0.055051, 0.393714, 0.977762, 0.184891, 0.097797, 7.5e-05, 0.0, 0.0, 0.0, 1.0],
                [0.117023, 0.13012, -0.984269, 0.000295, -0.124362, 0.985198, 0.115457, 0.393489, 0.985013, 0.108926, 0.131511, 0.000191, 0.0, 0.0, 0.0, 1.0],
                [0.146604, 0.178453, -0.972483, 0.000469, -0.061242, 0.982867, 0.171126, 0.39327, 0.986823, 0.034485, 0.155094, 0.000303, 0.0, 0.0, 0.0, 1.0],
                [0.172209, 0.216144, -0.960392, 0.000637, -0.002291, 0.975062, 0.219035, 0.39306, 0.984412, -0.035542, 0.168517, 0.000412, 0.0, 0.0, 0.0, 1.0],
                [0.192318, 0.243088, -0.949913, 0.000794, 0.052979, 0.964022, 0.257425, 0.392862, 0.979092, -0.099912, 0.172657, 0.000513, 0.0, 0.0, 0.0, 1.0],
                [0.205957, 0.259984, -0.942398, 0.000938, 0.105181, 0.951602, 0.28551, 0.39268, 0.971928, -0.158074, 0.168801, 0.000606, 0.0, 0.0, 0.0, 1.0],
                [0.212529, 0.267897, -0.938578, 0.001067, 0.154822, 0.939157, 0.30312, 0.392518, 0.963705, -0.209958, 0.158291, 0.00069, 0.0, 0.0, 0.0, 1.0],
                [0.211679, 0.267945, -0.938639, 0.001178, 0.20233, 0.927553, 0.310409, 0.392378, 0.954934, -0.255923, 0.142298, 0.000762, 0.0, 0.0, 0.0, 1.0],
                [0.203173, 0.261116, -0.94234, 0.001269, 0.248044, 0.917224, 0.307636, 0.392265, 0.945864, -0.296621, 0.121741, 0.00082, 0.0, 0.0, 0.0, 1.0],
                [0.186812, 0.2482, -0.94912, 0.001336, 0.292171, 0.908256, 0.295021, 0.39218, 0.936519, -0.332863, 0.097286, 0.000863, 0.0, 0.0, 0.0, 1.0],
                [0.162378, 0.229779, -0.958166, 0.001378, 0.334737, 0.900471, 0.27267, 0.392127, 0.926731, -0.365513, 0.069397, 0.000891, 0.0, 0.0, 0.0, 1.0],
                [0.135589, 0.201565, -0.96861, 0.001392, 0.37263, 0.895265, 0.238464, 0.392109, 0.916504, -0.393815, 0.046343, 0.0009, 0.0, 0.0, 0.0, 1.0],
                [0.112387, 0.157712, -0.979665, 0.001378, 0.401654, 0.894316, 0.19005, 0.392128, 0.907353, -0.415418, 0.037215, 0.00089, 0.0, 0.0, 0.0, 1.0],
                [0.092538, 0.097824, -0.989548, 0.001332, 0.419685, 0.897127, 0.127935, 0.392186, 0.901466, -0.427707, 0.042019, 0.00086, 0.0, 0.0, 0.0, 1.0],
                [0.075202, 0.024801, -0.995604, 0.001252, 0.42362, 0.902815, 0.054488, 0.392285, 0.901326, -0.426389, 0.057459, 0.000809, 0.0, 0.0, 0.0, 1.0],
                [0.059071, -0.054882, -0.995602, 0.001138, 0.408906, 0.91096, -0.025955, 0.392429, 0.909413, -0.406037, 0.07634, 0.000736, 0.0, 0.0, 0.0, 1.0],
                [0.042779, -0.133233, -0.989163, 0.000988, 0.371943, 0.920886, -0.10795, 0.392618, 0.926204, -0.363653, 0.089037, 0.000639, 0.0, 0.0, 0.0, 1.0],
                [0.025216, -0.20265, -0.978109, 0.0008, 0.31264, 0.930863, -0.184801, 0.392854, 0.948694, -0.301377, 0.086899, 0.000517, 0.0, 0.0, 0.0, 1.0],
                [0.006297, -0.258361, -0.965434, 0.000574, 0.23039, 0.939825, -0.250005, 0.393139, 0.972489, -0.220979, 0.065479, 0.000371, 0.0, 0.0, 0.0, 1.0],
                [-0.013936, -0.299874, -0.953555, 0.000307, 0.128884, 0.945149, -0.299114, 0.393474, 0.991252, -0.127106, 0.025485, 0.000199, 0.0, 0.0, 0.0, 1.0],
