{
    "animation": [
        {
            "name": "Root",
            "time": [0.0, 0.0167, 0.0333, 0.05, 0.0667, 0.0833, 0.1, 0.1167, 0.1333, 0.15, 0.1667, 0.1833, 0.2, 0.2167, 0.2333, 0.25, 0.2667, 0.2833, 0.3, 0.3167, 0.3333, 0.35, 0.3667, 0.3833, 0.4, 0.4167, 0.4333, 0.45, 0.4667, 0.4833, 0.5, 0.5167, 0.5333, 0.55, 0.5667, 0.5833, 0.6, 0.6167, 0.6333, 0.65, 0.6667, 0.6833, 0.7, 0.7167, 0.7333, 0.75, 0.7667, 0.7833, 0.8, 0.8167, 0.8333, 0.85, 0.8667, 0.8833, 0.9, 0.9167, 0.9333, 0.95, 0.9667, 0.9833, 1.0, 1.0167, 1.0333, 1.05, 1.0667, 1.0833, 1.1, 1.1167, 1.1333, 1.15, 1.1667, 1.1833, 1.2, 1.2167, 1.2333, 1.25, 1.2667, 1.2833, 1.3, 1.3167, 1.3333, 1.35, 1.3667, 1.3833, 1.4, 1.4167, 1.4333, 1.45, 1.4667, 1.4833, 1.5, 1.5167, 1.5333, 1.55, 1.5667, 1.5833, 1.6, 1.6167, 1.6333, 1.65, 1.6667, 1.6833, 1.7, 1.7167, 1.7333, 1.75, 1.7667, 1.7833, 1.8, 1.8167, 1.8333, 1.85, 1.8667, 1.8833, 1.9, 1.9167, 1.9333, 1.95, 1.9667, 1.9833, 2.0, 2.0167, 2.0333, 2.05, 2.0667, 2.0833, 2.1, 2.1167, 2.1333, 2.15, 2.1667, 2.1833, 2.2, 2.2167, 2.2333, 2.25, 2.2667, 2.2833, 2.3, 2.3167, 2.3333, 2.35, 2.3667, 2.3833, 2.4, 2.4167, 2.4333, 2.45, 2.4667, 2.4833, 2.5, 2.5167, 2.5333, 2.55, 2.5667, 2.5833, 2.6, 2.6167, 2.6333, 2.65, 2.6667, 2.6833, 2.7, 2.7167, 2.7333, 2.75, 2.7667, 2.7833, 2.8, 2.8167, 2.8333, 2.85, 2.8667, 2.8833, 2.9, 2.9167, 2.9333, 2.95, 2.9667, 2.9833, 3.0, 3.0167, 3.0333, 3.05, 3.0667, 3.0833, 3.1, 3.1167, 3.1333, 3.15, 3.1667, 3.1833, 3.2, 3.2167, 3.2333, 3.25, 3.2667, 3.2833, 3.3, 3.3167, 3.3333, 3.35, 3.3667, 3.3833, 3.4, 3.4167, 3.4333, 3.45, 3.4667, 3.4833, 3.5, 3.5167, 3.5333, 3.55, 3.5667, 3.5833, 3.6, 3.6167, 3.6333, 3.65, 3.6667, 3.6833, 3.7, 3.7167, 3.7333, 3.75, 3.7667, 3.7833, 3.8, 3.8167, 3.8333, 3.85, 3.8667, 3.8833, 3.9, 3.9167, 3.9333, 3.95, 3.9667, 3.9833, 4.0, 4.0167, 4.0333, 4.05, 4.0667, 4.0833, 4.1, 4.1167, 4.1333, 4.15, 4.1667, 4.1833, 4.2, 4.2167, 4.2333, 4.25, 4.2667, 4.2833, 4.3, 4.3167, 4.3333, 4.35, 4.3667, 4.3833, 4.4, 4.4167, 4.4333, 4.45, 4.4667, 4.4833, 4.5, 4.5167, 4.5333, 4.55, 4.5667, 4.5833, 4.6, 4.6167, 4.6333, 4.65, 4.6667, 4.6833, 4.7, 4.7167, 4.7333, 4.75, 4.7667, 4.7833, 4.8, 4.8167, 4.8333, 4.85, 4.8667, 4.8833, 4.9, 4.9167, 4.9333, 4.95, 4.9667, 4.9833, 5.0, 5.0167, 5.0333, 5.05, 5.0667, 5.0833, 5.1, 5.1167, 5.1333, 5.15, 5.1667, 5.1833, 5.2, 5.2167, 5.2333, 5.25, 5.2667, 5.2833, 5.3, 5.3167, 5.3333, 5.35, 5.3667, 5.3833, 5.4, 5.4167, 5.4333, 5.45, 5.4667, 5.4833, 5.5, 5.5167, 5.5333, 5.55, 5.5667, 5.5833, 5.6, 5.6167, 5.6333, 5.65, 5.6667, 5.6833, 5.7, 5.7167, 5.7333, 5.75, 5.7667, 5.7833, 5.8, 5.8167, 5.8333, 5.85, 5.8667, 5.8833, 5.9, 5.9167, 5.9333, 5.95, 5.9667, 5.9833, 6.0, 6.0167, 6.0333, 6.05, 6.0667, 6.0833, 6.1, 6.1167, 6.1333, 6.15, 6.1667, 6.1833, 6.2, 6.2167, 6.2333, 6.25, 6.2667, 6.2833, 6.3, 6.3167, 6.3333, 6.35, 6.3667, 6.3833, 6.4, 6.4167, 6.4333, 6.45, 6.4667, 6.4833, 6.5, 6.5167, 6.5333, 6.55, 6.5667, 6.5833, 6.6, 6.6167, 6.6333, 6.65, 6.6667],
            "transform": [
                [0.874514, 0.114421, -0.471311, -0.022889, -0.465569, 0.470364, -0.749669, -0.410279, 0.13591, 0.875023, 0.46461, 0.310339, 0.0, 0.0, 0.0, 1.0],
                [0.874516, 0.114418, -0.471307, -0.022769, -0.465564, 0.470364, -0.749672, -0.410248, 0.13591, 0.875023, 0.46461, 0.310334, 0.0, 0.0, 0.0, 1.0],
                [0.874524, 0.11441, -0.471294, -0.022647, -0.465549, 0.470366, -0.74968, -0.409985, 0.13591, 0.875023, 0.46461, 0.310321, 0.0, 0.0, 0.0, 1.0],
                [0.874537, 0.114397, -0.471273, -0.022524, -0.465525, 0.470369, -0.749692, -0.409747, 0.13591, 0.875023, 0.46461, 0.310299, 0.0, 0.0, 0.0, 1.0],
                [0.874555, 0.114379, -0.471244, -0.022401, -0.465491, 0.470374, -0.749711, -0.409538, 0.13591, 0.875023, 0.46461, 0.310268, 0.0, 0.0, 0.0, 1.0],
                [0.874578, 0.114356, -0.471207, -0.022275, -0.465448, 0.47038, -0.749734, -0.409345, 0.13591, 0.875023, 0.46461, 0.310228, 0.0, 0.0, 0.0, 1.0],
                [0.874606, 0.114327, -0.471161, -0.022149, -0.465395, 0.470386, -0.749763, -0.409162, 0.13591, 0.875023, 0.46461, 0.310179, 0.0, 0.0, 0.0, 1.0],
                [0.874639, 0.114294, -0.471108, -0.022022, -0.465333, 0.470395, -0.749796, -0.408984, 0.13591, 0.875023, 0.46461, 0.31012, 0.0, 0.0, 0.0, 1.0],
                [0.874677, 0.114255, -0.471047, -0.021893, -0.465261, 0.470404, -0.749835, -0.408804, 0.13591, 0.875023, 0.46461, 0.310052, 0.0, 0.0, 0.0, 1.0],
                [0.87472, 0.114212, -0.470978, -0.021764, -0.465181, 0.470414, -0.749878, -0.408622, 0.13591, 0.875023, 0.46461, 0.309974, 0.0, 0.0, 0.0, 1.0],
                [0.874767, 0.114164, -0.470902, -0.021633, -0.465092, 0.470426, -0.749926, -0.40844, 0.13591, 0.875023, 0.46461, 0.309886, 0.0, 0.0, 0.0, 1.0],
                [0.87482, 0.114111, -0.470818, -0.021501, -0.464994, 0.470439, -0.749979, -0.408256, 0.13591, 0.875023, 0.46461, 0.309787, 0.0, 0.0, 0.0, 1.0],
                [0.874877, 0.114054, -0.470726, -0.021369, -0.464887, 0.470453, -0.750036, -0.408072, 0.13591, 0.875023, 0.46461, 0.309679, 0.0, 0.0, 0.0, 1.0],
                [0.874938, 0.113992, -0.470626, -0.021235, -0.464771, 0.470468, -0.750099, -0.407886, 0.13591, 0.875023, 0.46461, 0.30956, 0.0, 0.0, 0.0, 1.0],
                [0.875004, 0.113925, -0.47052, -0.021101, -0.464646, 0.470484, -0.750166, -0.407699, 0.13591, 0.875023, 0.46461, 0.30943, 0.0, 0.0, 0.0, 1.0],
                [0.875075, 0.113853, -0.470406, -0.020965, -0.464514, 0.470501, -0.750237, -0.407511, 0.13591, 0.875023, 0.46461, 0.30929, 0.0, 0.0, 0.0, 1.0],
                [0.87515, 0.113777, -0.470285, -0.020829, -0.464372, 0.47052, -0.750313, -0.407322, 0.13591, 0.875023, 0.46461, 0.309139, 0.0, 0.0, 0.0, 1.0],
                [0.875229, 0.113697, -0.470157, -0.020692, -0.464223, 0.470539, -0.750393, -0.407133, 0.13591, 0.875023, 0.46461, 0.308976, 0.0, 0.0, 0.0, 1.0],
                [0.875313, 0.113612, -0.470021, -0.020555, -0.464065, 0.47056, -0.750478, -0.406942, 0.13591, 0.875023, 0.46461, 0.308802, 0.0, 0.0, 0.0, 1.0],
                [0.875401, 0.113523, -0.469879, -0.020416, -0.463899, 0.470581, -0.750567, -0.406751, 0.13591, 0.875023, 0.46461, 0.308617, 0.0, 0.0, 0.0, 1.0],
                [0.875493, 0.113429, -0.46973, -0.020277, -0.463725, 0.470604, -0.75066, -0.406559, 0.13591, 0.875023, 0.46461, 0.30842, 0.0, 0.0, 0.0, 1.0],
                [0.875589, 0.113332, -0.469574, -0.020137, -0.463543, 0.470627, -0.750758, -0.406367, 0.13591, 0.875023, 0.46461, 0.308211, 0.0, 0.0, 0.0, 1.0],
                [0.875689, 0.11323, -0.469411, -0.019996, -0.463354, 0.470652, -0.75086, -0.406173, 0.13591, 0.875023, 0.46461, 0.30799, 0.0, 0.0, 0.0, 1.0],
                [0.875794, 0.113124, -0.469242, -0.019855, -0.463156, 0.470677, -0.750965, -0.405979, 0.13591, 0.875023, 0.46461, 0.307757, 0.0, 0.0, 0.0, 1.0],
                [0.875902, 0.113013, -0.469066, -0.019713, -0.462951, 0.470704, -0.751075, -0.405785, 0.13591, 0.875023, 0.46461, 0.307512, 0.0, 0.0, 0.0, 1.0],
                [0.876015, 0.112899, -0.468884, -0.019571, -0.462739, 0.470731, -0.751189, -0.40559, 0.13591, 0.875023, 0.46461, 0.307254, 0.0, 0.0, 0.0, 1.0],
                [0.876131, 0.112781, -0.468695, -0.019428, -0.462519, 0.47076, -0.751307, -0.405394, 0.13591, 0.875023, 0.46461, 0.306983, 0.0, 0.0, 0.0, 1.0],
                [0.876251, 0.112659, -0.4685, -0.019284, -0.462291, 0.470789, -0.751428, -0.405198, 0.13591, 0.875023, 0.46461, 0.306699, 0.0, 0.0, 0.0, 1.0],
                [0.876374, 0.112533, -0.468299, -0.01914, -0.462057, 0.470819, -0.751554, -0.405002, 0.13591, 0.875023, 0.46461, 0.306402, 0.0, 0.0, 0.0, 1.0],
                [0.876502, 0.112403, -0.468092, -0.018996, -0.461815, 0.47085, -0.751683, -0.404805, 0.13591, 0.875023, 0.46461, 0.306092, 0.0, 0.0, 0.0, 1.0],
                [0.876633, 0.112269, -0.467879, -0.018851, -0.461566, 0.470882, -0.751816, -0.404609, 0.13591, 0.875023, 0.46461, 0.305769, 0.0, 0.0, 0.0, 1.0],
                [0.876768, 0.112132, -0.467659, -0.018705, -0.46131, 0.470915, -0.751952, -0.404411, 0.13591, 0.875023, 0.46461, 0.305432, 0.0, 0.0, 0.0, 1.0],
                [0.876906, 0.111991, -0.467434, -0.01856, -0.461047, 0.470948, -0.752092, -0.404214, 0.13591, 0.875023, 0.46461, 0.305081, 0.0, 0.0, 0.0, 1.0],
                [0.877047, 0.111846, -0.467203, -0.018414, -0.460778, 0.470982, -0.752236, -0.404016, 0.13591, 0.875023, 0.46461, 0.304716, 0.0, 0.0, 0.0, 1.0],
                [0.877192, 0.111698, -0.466966, -0.018267, -0.460502, 0.471018, -0.752383, -0.403819, 0.13591, 0.875023, 0.46461, 0.304337, 0.0, 0.0, 0.0, 1.0],
                [0.877341, 0.111546, -0.466723, -0.018121, -0.460219, 0.471054, -0.752534, -0.403621, 0.13591, 0.875023, 0.46461, 0.303944, 0.0, 0.0, 0.0, 1.0],
                [0.877492, 0.111391, -0.466475, -0.017974, -0.45993, 0.471091, -0.752687, -0.403423, 0.13591, 0.875023, 0.46461, 0.303538, 0.0, 0.0, 0.0, 1.0],
                [0.877647, 0.111232, -0.466222, -0.017827, -0.459634, 0.471128, -0.752844, -0.403225, 0.13591, 0.875023, 0.46461, 0.303116, 0.0, 0.0, 0.0, 1.0],
                [0.877805, 0.11107, -0.465963, -0.01768, -0.459332, 0.471166, -0.753005, -0.403028, 0.13591, 0.875023, 0.46461, 0.302681, 0.0, 0.0, 0.0, 1.0],
                [0.877967, 0.110904, -0.465698, -0.017532, -0.459024, 0.471205, -0.753168, -0.40283, 0.13591, 0.875023, 0.46461, 0.302231, 0.0, 0.0, 0.0, 1.0],
                [0.878131, 0.110736, -0.465429, -0.017384, -0.45871, 0.471245, -0.753335, -0.402633, 0.13591, 0.875023, 0.46461, 0.301766, 0.0, 0.0, 0.0, 1.0],
                [0.878298, 0.110564, -0.465154, -0.017237, -0.45839, 0.471285, -0.753505, -0.402436, 0.13591, 0.875023, 0.46461, 0.301288, 0.0, 0.0, 0.0, 1.0],
                [0.878468, 0.110389, -0.464874, -0.017089, -0.458064, 0.471326, -0.753677, -0.402239, 0.13591, 0.875023, 0.46461, 0.300795, 0.0, 0.0, 0.0, 1.0],
                [0.878641, 0.110211, -0.464589, -0.016941, -0.457732, 0.471368, -0.753853, -0.402042, 0.13591, 0.875023, 0.46461, 0.300287, 0.0, 0.0, 0.0, 1.0],
                [0.878817, 0.11003, -0.4643, -0.016793, -0.457394, 0.47141, -0.754031, -0.401846, 0.13591, 0.875023, 0.46461, 0.299766, 0.0, 0.0, 0.0, 1.0],
                [0.878996, 0.109846, -0.464005, -0.016646, -0.457051, 0.471453, -0.754213, -0.40165, 0.13591, 0.875023, 0.46461, 0.29923, 0.0, 0.0, 0.0, 1.0],
                [0.879177, 0.109658, -0.463706, -0.016498, -0.456702, 0.471497, -0.754397, -0.401454, 0.13591, 0.875023, 0.46461, 0.298681, 0.0, 0.0, 0.0, 1.0],
                [0.879361, 0.109468, -0.463402, -0.01635, -0.456347, 0.471541, -0.754583, -0.401259, 0.13591, 0.875023, 0.46461, 0.298117, 0.0, 0.0, 0.0, 1.0],
                [0.879547, 0.109276, -0.463093, -0.016202, -0.455988, 0.471586, -0.754773, -0.401065, 0.13591, 0.875023, 0.46461, 0.297541, 0.0, 0.0, 0.0, 1.0],
                [0.879736, 0.10908, -0.46278, -0.016055, -0.455623, 0.471631, -0.754965, -0.400871, 0.13591, 0.875023, 0.46461, 0.296951, 0.0, 0.0, 0.0, 1.0],
                [0.879928, 0.108882, -0.462462, -0.015907, -0.455253, 0.471677, -0.755159, -0.400677, 0.13591, 0.875023, 0.46461, 0.296349, 0.0, 0.0, 0.0, 1.0],
                [0.880122, 0.108681, -0.462141, -0.01576, -0.454878, 0.471723, -0.755356, -0.400484, 0.13591, 0.875023, 0.46461, 0.295735, 0.0, 0.0, 0.0, 1.0],
                [0.880318, 0.108477, -0.461814, -0.015613, -0.454498, 0.47177, -0.755556, -0.400292, 0.13591, 0.875023, 0.46461, 0.295109, 0.0, 0.0, 0.0, 1.0],
                [0.880517, 0.108271, -0.461484, -0.015467, -0.454113, 0.471817, -0.755758, -0.400101, 0.13591, 0.875023, 0.46461, 0.294471, 0.0, 0.0, 0.0, 1.0],
                [0.880718, 0.108062, -0.46115, -0.01532, -0.453723, 0.471865, -0.755962, -0.399911, 0.13591, 0.875023, 0.46461, 0.293824, 0.0, 0.0, 0.0, 1.0],
                [0.880921, 0.107851, -0.460811, -0.015174, -0.453329, 0.471914, -0.756168, -0.399721, 0.13591, 0.875023, 0.46461, 0.293166, 0.0, 0.0, 0.0, 1.0],
                [0.881126, 0.107637, -0.460469, -0.015028, -0.45293, 0.471962, -0.756377, -0.399532, 0.13591, 0.875023, 0.46461, 0.292499, 0.0, 0.0, 0.0, 1.0],
                [0.881333, 0.107421, -0.460122, -0.014883, -0.452527, 0.472011, -0.756588, -0.399344, 0.13591, 0.875023, 0.46461, 0.291825, 0.0, 0.0, 0.0, 1.0],
                [0.881542, 0.107203, -0.459773, -0.014737, -0.452119, 0.472061, -0.7568, -0.399157, 0.13591, 0.875023, 0.46461, 0.291143, 0.0, 0.0, 0.0, 1.0],
                [0.881753, 0.106982, -0.459419, -0.014593, -0.451707, 0.472111, -0.757015, -0.398972, 0.13591, 0.875023, 0.46461, 0.290455, 0.0, 0.0, 0.0, 1.0],
                [0.881967, 0.106759, -0.459061, -0.014448, -0.451291, 0.472162, -0.757232, -0.398787, 0.13591, 0.875023, 0.46461, 0.289762, 0.0, 0.0, 0.0, 1.0],
                [0.882182, 0.106534, -0.458701, -0.014305, -0.450871, 0.472212, -0.75745, -0.398603, 0.13591, 0.875023, 0.46461, 0.289065, 0.0, 0.0, 0.0, 1.0],
                [0.882398, 0.106307, -0.458336, -0.014161, -0.450446, 0.472264, -0.757671, -0.39842, 0.13591, 0.875023, 0.46461, 0.288365, 0.0, 0.0, 0.0, 1.0],
                [0.882617, 0.106078, -0.457969, -0.014018, -0.450018, 0.472315, -0.757893, -0.398239, 0.13591, 0.875023, 0.46461, 0.287664, 0.0, 0.0, 0.0, 1.0],
                [0.882837, 0.105847, -0.457598, -0.013876, -0.449586, 0.472367, -0.758117, -0.398059, 0.13591, 0.875023, 0.46461, 0.286962, 0.0, 0.0, 0.0, 1.0],
                [0.883058, 0.105614, -0.457224, -0.013735, -0.449151, 0.472419, -0.758343, -0.39788, 0.13591, 0.875023, 0.46461, 0.286262, 0.0, 0.0, 0.0, 1.0],
                [0.883282, 0.105379, -0.456846, -0.013594, -0.448711, 0.472472, -0.75857, -0.397702, 0.13591, 0.875023, 0.46461, 0.285565, 0.0, 0.0, 0.0, 1.0],
                [0.883507, 0.105142, -0.456466, -0.013453, -0.448269, 0.472524, -0.758799, -0.397526, 0.13591, 0.875023, 0.46461, 0.284872, 0.0, 0.0, 0.0, 1.0],
                [0.883733, 0.104903, -0.456083, -0.013313, -0.447822, 0.472577, -0.759029, -0.397352, 0.13591, 0.875023, 0.46461, 0.284185, 0.0, 0.0, 0.0, 1.0],
                [0.88396, 0.104663, -0.455697, -0.013174, -0.447373, 0.472631, -0.759261, -0.397178, 0.13591, 0.875023, 0.46461, 0.283506, 0.0, 0.0, 0.0, 1.0],
                [0.884189, 0.104421, -0.455308, -0.013036, -0.44692, 0.472684, -0.759495, -0.397007, 0.13591, 0.875023, 0.46461, 0.282835, 0.0, 0.0, 0.0, 1.0],
                [0.88442, 0.104177, -0.454916, -0.012899, -0.446464, 0.472738, -0.759729, -0.396836, 0.13591, 0.875024, 0.46461, 0.282174, 0.0, 0.0, 0.0, 1.0],
                [0.884651, 0.103932, -0.454522, -0.012762, -0.446005, 0.472792, -0.759965, -0.396668, 0.13591, 0.875023, 0.46461, 0.281525, 0.0, 0.0, 0.0, 1.0],
                [0.884884, 0.103685, -0.454126, -0.012626, -0.445544, 0.472846, -0.760202, -0.396501, 0.13591, 0.875023, 0.46461, 0.280889, 0.0, 0.0, 0.0, 1.0],
                [0.885117, 0.103437, -0.453726, -0.012491, -0.445079, 0.4729, -0.76044, -0.396335, 0.13591, 0.875023, 0.46461, 0.280269, 0.0, 0.0, 0.0, 1.0],
                [0.885352, 0.103187, -0.453325, -0.012356, -0.444612, 0.472955, -0.76068, -0.396172, 0.13591, 0.875023, 0.46461, 0.279664, 0.0, 0.0, 0.0, 1.0],
                [0.885588, 0.102936, -0.452921, -0.012223, -0.444142, 0.47301, -0.76092, -0.39601, 0.13591, 0.875023, 0.46461, 0.279076, 0.0, 0.0, 0.0, 1.0],
                [0.885825, 0.102684, -0.452515, -0.012091, -0.44367, 0.473065, -0.761162, -0.39585, 0.13591, 0.875023, 0.46461, 0.278507, 0.0, 0.0, 0.0, 1.0],
                [0.886063, 0.102431, -0.452107, -0.011959, -0.443195, 0.47312, -0.761404, -0.395692, 0.13591, 0.875023, 0.46461, 0.277957, 0.0, 0.0, 0.0, 1.0],
                [0.886301, 0.102176, -0.451697, -0.011829, -0.442717, 0.473175, -0.761648, -0.395536, 0.13591, 0.875023, 0.46461, 0.277428, 0.0, 0.0, 0.0, 1.0],
                [0.88654, 0.10192, -0.451285, -0.011699, -0.442238, 0.47323, -0.761892, -0.395382, 0.13591, 0.875023, 0.46461, 0.276921, 0.0, 0.0, 0.0, 1.0],
                [0.886781, 0.101663, -0.450871, -0.011571, -0.441756, 0.473285, -0.762137, -0.39523, 0.13591, 0.875023, 0.46461, 0.276436, 0.0, 0.0, 0.0, 1.0],
                [0.887021, 0.101405, -0.450456, -0.011444, -0.441273, 0.47334, -0.762383, -0.395079, 0.13591, 0.875023, 0.46461, 0.275975, 0.0, 0.0, 0.0, 1.0],
                [0.887263, 0.101146, -0.450038, -0.011318, -0.440787, 0.473396, -0.762629, -0.394931, 0.13591, 0.875023, 0.46461, 0.275537, 0.0, 0.0, 0.0, 1.0],
                [0.887505, 0.100886, -0.449619, -0.011193, -0.4403, 0.473451, -0.762876, -0.394786, 0.13591, 0.875023, 0.46461, 0.275124, 0.0, 0.0, 0.0, 1.0],
                [0.887747, 0.100625, -0.449199, -0.011069, -0.439811, 0.473507, -0.763124, -0.394642, 0.13591, 0.875023, 0.46461, 0.274735, 0.0, 0.0, 0.0, 1.0],
                [0.88799, 0.100363, -0.448777, -0.010946, -0.43932, 0.473562, -0.763372, -0.3945, 0.13591, 0.875023, 0.46461, 0.274372, 0.0, 0.0, 0.0, 1.0],
                [0.888233, 0.1001, -0.448354, -0.010825, -0.438828, 0.473618, -0.76362, -0.394361, 0.13591, 0.875023, 0.46461, 0.274034, 0.0, 0.0, 0.0, 1.0],
                [0.888477, 0.099837, -0.447929, -0.010704, -0.438334, 0.473674, -0.763869, -0.394224, 0.13591, 0.875023, 0.46461, 0.273722, 0.0, 0.0, 0.0, 1.0],
                [0.888721, 0.099573, -0.447504, -0.010585, -0.437839, 0.473729, -0.764119, -0.39409, 0.13591, 0.875023, 0.46461, 0.273436, 0.0, 0.0, 0.0, 1.0],
                [0.888966, 0.099309, -0.447077, -0.010468, -0.437343, 0.473785, -0.764369, -0.393958, 0.13591, 0.875023, 0.46461, 0.273176, 0.0, 0.0, 0.0, 1.0],
                [0.88921, 0.099044, -0.446649, -0.010352, -0.436845, 0.47384, -0.764619, -0.393828, 0.13591, 0.875023, 0.46461, 0.272942, 0.0, 0.0, 0.0, 1.0],
                [0.889455, 0.098778, -0.446221, -0.010237, -0.436347, 0.473895, -0.764869, -0.393701, 0.13591, 0.875023, 0.46461, 0.272733, 0.0, 0.0, 0.0, 1.0],
                [0.8897, 0.098512, -0.445791, -0.010123, -0.435847, 0.473951, -0.765119, -0.393577, 0.13591, 0.875023, 0.46461, 0.27255, 0.0, 0.0, 0.0, 1.0],
                [0.889945, 0.098245, -0.445361, -0.010011, -0.435347, 0.474006, -0.76537, -0.393455, 0.13591, 0.875023, 0.46461, 0.272392, 0.0, 0.0, 0.0, 1.0],
                [0.89019, 0.097979, -0.44493, -0.009901, -0.434846, 0.474061, -0.76562, -0.393336, 0.13591, 0.875023, 0.46461, 0.27226, 0.0, 0.0, 0.0, 1.0],
                [0.890434, 0.097712, -0.444499, -0.009792, -0.434344, 0.474117, -0.765871, -0.393219, 0.13591, 0.875023, 0.46461, 0.272152, 0.0, 0.0, 0.0, 1.0],
                [0.890679, 0.097444, -0.444066, -0.009684, -0.433842, 0.474172, -0.766122, -0.393105, 0.13591, 0.875023, 0.46461, 0.272069, 0.0, 0.0, 0.0, 1.0],
                [0.890924, 0.097177, -0.443634, -0.009578, -0.43334, 0.474227, -0.766372, -0.392994, 0.13591, 0.875023, 0.46461, 0.27201, 0.0, 0.0, 0.0, 1.0],
                [0.891168, 0.096909, -0.443201, -0.009474, -0.432836, 0.474281, -0.766622, -0.392886, 0.13591, 0.875023, 0.46461, 0.271975, 0.0, 0.0, 0.0, 1.0],
                [0.891413, 0.096641, -0.442769, -0.009371, -0.432333, 0.474336, -0.766872, -0.392781, 0.13591, 0.875023, 0.46461, 0.271964, 0.0, 0.0, 0.0, 1.0],
                [0.891657, 0.096373, -0.442336, -0.00927, -0.43183, 0.474391, -0.767122, -0.392678, 0.13591, 0.875023, 0.46461, 0.271979, 0.0, 0.0, 0.0, 1.0],
                [0.8919, 0.096105, -0.441902, -0.009171, -0.431327, 0.474445, -0.767372, -0.392579, 0.13591, 0.875023, 0.46461, 0.272023, 0.0, 0.0, 0.0, 1.0],
                [0.892143, 0.095838, -0.441469, -0.009073, -0.430823, 0.474499, -0.767621, -0.392483, 0.13591, 0.875023, 0.46461, 0.272095, 0.0, 0.0, 0.0, 1.0],
                [0.892386, 0.09557, -0.441036, -0.008977, -0.43032, 0.474553, -0.76787, -0.392389, 0.13591, 0.875023, 0.46461, 0.272195, 0.0, 0.0, 0.0, 1.0],
                [0.892629, 0.095303, -0.440604, -0.008883, -0.429817, 0.474607, -0.768118, -0.392299, 0.13591, 0.875023, 0.46461, 0.27232, 0.0, 0.0, 0.0, 1.0],
                [0.89287, 0.095036, -0.440171, -0.008791, -0.429315, 0.47466, -0.768366, -0.392212, 0.13591, 0.875023, 0.46461, 0.272471, 0.0, 0.0, 0.0, 1.0],
                [0.893112, 0.094769, -0.439739, -0.0087, -0.428813, 0.474714, -0.768614, -0.392128, 0.13591, 0.875023, 0.46461, 0.272646, 0.0, 0.0, 0.0, 1.0],
                [0.893352, 0.094502, -0.439308, -0.008612, -0.428311, 0.474767, -0.76886, -0.392048, 0.13591, 0.875023, 0.46461, 0.272846, 0.0, 0.0, 0.0, 1.0],
                [0.893592, 0.094236, -0.438876, -0.008525, -0.42781, 0.47482, -0.769107, -0.39197, 0.13591, 0.875023, 0.46461, 0.273069, 0.0, 0.0, 0.0, 1.0],
                [0.893831, 0.09397, -0.438446, -0.00844, -0.42731, 0.474872, -0.769352, -0.391896, 0.13591, 0.875023, 0.46461, 0.273315, 0.0, 0.0, 0.0, 1.0],
                [0.89407, 0.093705, -0.438017, -0.008358, -0.426811, 0.474925, -0.769596, -0.391826, 0.13591, 0.875023, 0.46461, 0.273584, 0.0, 0.0, 0.0, 1.0],
                [0.894307, 0.09344, -0.437588, -0.008277, -0.426313, 0.474977, -0.76984, -0.391758, 0.13591, 0.875023, 0.46461, 0.273875, 0.0, 0.0, 0.0, 1.0],
                [0.894544, 0.093176, -0.43716, -0.008198, -0.425816, 0.475029, -0.770084, -0.391695, 0.13591, 0.875023, 0.46461, 0.274188, 0.0, 0.0, 0.0, 1.0],
                [0.89478, 0.092913, -0.436733, -0.008122, -0.42532, 0.47508, -0.770326, -0.391635, 0.13591, 0.875023, 0.46461, 0.274522, 0.0, 0.0, 0.0, 1.0],
                [0.895015, 0.092651, -0.436307, -0.008047, -0.424825, 0.475132, -0.770567, -0.391578, 0.13591, 0.875023, 0.46461, 0.274879, 0.0, 0.0, 0.0, 1.0],
                [0.895249, 0.092389, -0.435882, -0.007975, -0.424332, 0.475182, -0.770807, -0.391525, 0.13591, 0.875023, 0.46461, 0.275257, 0.0, 0.0, 0.0, 1.0],
                [0.895482, 0.092128, -0.435459, -0.007905, -0.42384, 0.475233, -0.771047, -0.391476, 0.13591, 0.875023, 0.46461, 0.275657, 0.0, 0.0, 0.0, 1.0],
                [0.895714, 0.091868, -0.435037, -0.007837, -0.42335, 0.475284, -0.771285, -0.39143, 0.13591, 0.875023, 0.46461, 0.276078, 0.0, 0.0, 0.0, 1.0],
                [0.895945, 0.091608, -0.434616, -0.007771, -0.422862, 0.475334, -0.771522, -0.391388, 0.13591, 0.875023, 0.46461, 0.276522, 0.0, 0.0, 0.0, 1.0],
                [0.896174, 0.09135, -0.434197, -0.007707, -0.422375, 0.475383, -0.771758, -0.39135, 0.13591, 0.875023, 0.46461, 0.276987, 0.0, 0.0, 0.0, 1.0],
                [0.896402, 0.091093, -0.43378, -0.007646, -0.42189, 0.475433, -0.771993, -0.391316, 0.13591, 0.875023, 0.46461, 0.277476, 0.0, 0.0, 0.0, 1.0],
                [0.896629, 0.090837, -0.433364, -0.007587, -0.421407, 0.475482, -0.772226, -0.391286, 0.13591, 0.875023, 0.46461, 0.277987, 0.0, 0.0, 0.0, 1.0],
                [0.896855, 0.090582, -0.43295, -0.007531, -0.420927, 0.47553, -0.772458, -0.391259, 0.13591, 0.875023, 0.46461, 0.278521, 0.0, 0.0, 0.0, 1.0],
                [0.89708, 0.090329, -0.432538, -0.007477, -0.420448, 0.475578, -0.772689, -0.391237, 0.13591, 0.875023, 0.46461, 0.27908, 0.0, 0.0, 0.0, 1.0],
                [0.897303, 0.090076, -0.432128, -0.007425, -0.419972, 0.475626, -0.772919, -0.391219, 0.13591, 0.875023, 0.46461, 0.279664, 0.0, 0.0, 0.0, 1.0],
                [0.897524, 0.089825, -0.431719, -0.007378, -0.419498, 0.475674, -0.773147, -0.391205, 0.13591, 0.875023, 0.46461, 0.280268, 0.0, 0.0, 0.0, 1.0],
                [0.897744, 0.089575, -0.431314, -0.007336, -0.419027, 0.475721, -0.773373, -0.391194, 0.13591, 0.875023, 0.46461, 0.280889, 0.0, 0.0, 0.0, 1.0],
                [0.897963, 0.089327, -0.43091, -0.007299, -0.418559, 0.475768, -0.773598, -0.391189, 0.13591, 0.875023, 0.46461, 0.281525, 0.0, 0.0, 0.0, 1.0],
                [0.89818, 0.08908, -0.430509, -0.007268, -0.418093, 0.475814, -0.773821, -0.391187, 0.13591, 0.875023, 0.46461, 0.282174, 0.0, 0.0, 0.0, 1.0],
                [0.898395, 0.088835, -0.43011, -0.007243, -0.41763, 0.47586, -0.774043, -0.391189, 0.13591, 0.875023, 0.46461, 0.282835, 0.0, 0.0, 0.0, 1.0],
                [0.898609, 0.088591, -0.429713, -0.007222, -0.41717, 0.475905, -0.774263, -0.391196, 0.13591, 0.875023, 0.46461, 0.283506, 0.0, 0.0, 0.0, 1.0],
                [0.898821, 0.088349, -0.42932, -0.007207, -0.416713, 0.47595, -0.774482, -0.39121, 0.13591, 0.875023, 0.46461, 0.284185, 0.0, 0.0, 0.0, 1.0],
                [0.899031, 0.088109, -0.428928, -0.007198, -0.416259, 0.475995, -0.774698, -0.391234, 0.13591, 0.875023, 0.46461, 0.284872, 0.0, 0.0, 0.0, 1.0],
                [0.89924, 0.08787, -0.42854, -0.007193, -0.415808, 0.476039, -0.774913, -0.391268, 0.13591, 0.875023, 0.46461, 0.285565, 0.0, 0.0, 0.0, 1.0],
                [0.899447, 0.087634, -0.428154, -0.007193, -0.415361, 0.476082, -0.775126, -0.391312, 0.13591, 0.875023, 0.46461, 0.286262, 0.0, 0.0, 0.0, 1.0],
                [0.899651, 0.087399, -0.427772, -0.007199, -0.414917, 0.476126, -0.775338, -0.391365, 0.13591, 0.875023, 0.46461, 0.286962, 0.0, 0.0, 0.0, 1.0],
                [0.899854, 0.087166, -0.427393, -0.007209, -0.414477, 0.476168, -0.775547, -0.391427, 0.13591, 0.875023, 0.46461, 0.287664, 0.0, 0.0, 0.0, 1.0],
                [0.900055, 0.086935, -0.427016, -0.007225, -0.41404, 0.476211, -0.775754, -0.391499, 0.13591, 0.875023, 0.46461, 0.288365, 0.0, 0.0, 0.0, 1.0],
                [0.900254, 0.086706, -0.426643, -0.007245, -0.413607, 0.476252, -0.775959, -0.39158, 0.13591, 0.875023, 0.46461, 0.289065, 0.0, 0.0, 0.0, 1.0],
                [0.900451, 0.086479, -0.426274, -0.00727, -0.413178, 0.476294, -0.776162, -0.391669, 0.13591, 0.875023, 0.46461, 0.289762, 0.0, 0.0, 0.0, 1.0],
                [0.900646, 0.086254, -0.425907, -0.0073, -0.412753, 0.476334, -0.776364, -0.391768, 0.13591, 0.875023, 0.46461, 0.290455, 0.0, 0.0, 0.0, 1.0],
                [0.900839, 0.086031, -0.425544, -0.007334, -0.412332, 0.476375, -0.776563, -0.391875, 0.13591, 0.875023, 0.46461, 0.291143, 0.0, 0.0, 0.0, 1.0],
                [0.901029, 0.085811, -0.425185, -0.007373, -0.411916, 0.476414, -0.776759, -0.391991, 0.13591, 0.875023, 0.46461, 0.291825, 0.0, 0.0, 0.0, 1.0],
                [0.901218, 0.085593, -0.424829, -0.007417, -0.411503, 0.476454, -0.776954, -0.392116, 0.13591, 0.875023, 0.46461, 0.292499, 0.0, 0.0, 0.0, 1.0],
                [0.901404, 0.085377, -0.424478, -0.007465, -0.411095, 0.476492, -0.777146, -0.392248, 0.13591, 0.875023, 0.46461, 0.293166, 0.0, 0.0, 0.0, 1.0],
                [0.901588, 0.085164, -0.42413, -0.007517, -0.410691, 0.476531, -0.777336, -0.392389, 0.13591, 0.875023, 0.46461, 0.293824, 0.0, 0.0, 0.0, 1.0],
                [0.90177, 0.084953, -0.423786, -0.007574, -0.410292, 0.476568, -0.777524, -0.392538, 0.13591, 0.875023, 0.46461, 0.294471, 0.0, 0.0, 0.0, 1.0],
                [0.901949, 0.084745, -0.423446, -0.007636, -0.409898, 0.476605, -0.777709, -0.392695, 0.13591, 0.875023, 0.46461, 0.295109, 0.0, 0.0, 0.0, 1.0],
                [0.902126, 0.084539, -0.42311, -0.007701, -0.409509, 0.476642, -0.777892, -0.392859, 0.13591, 0.875023, 0.46461, 0.295735, 0.0, 0.0, 0.0, 1.0],
                [0.9023, 0.084336, -0.422778, -0.007771, -0.409124, 0.476678, -0.778072, -0.393032, 0.13591, 0.875023, 0.46461, 0.296349, 0.0, 0.0, 0.0, 1.0],
                [0.902472, 0.084135, -0.422451, -0.007845, -0.408745, 0.476713, -0.77825, -0.393211, 0.13591, 0.875023, 0.46461, 0.296951, 0.0, 0.0, 0.0, 1.0],
                [0.902642, 0.083938, -0.422128, -0.007923, -0.40837, 0.476748, -0.778425, -0.393398, 0.13591, 0.875023, 0.46461, 0.297541, 0.0, 0.0, 0.0, 1.0],
                [0.902809, 0.083743, -0.42181, -0.008005, -0.408001, 0.476782, -0.778597, -0.393592, 0.13591, 0.875023, 0.46461, 0.298117, 0.0, 0.0, 0.0, 1.0],
                [0.902973, 0.083551, -0.421496, -0.008091, -0.407637, 0.476816, -0.778767, -0.393794, 0.13591, 0.875023, 0.46461, 0.298681, 0.0, 0.0, 0.0, 1.0],
                [0.903135, 0.083361, -0.421187, -0.008181, -0.407279, 0.476849, -0.778934, -0.394002, 0.13591, 0.875023, 0.46461, 0.29923, 0.0, 0.0, 0.0, 1.0],
                [0.903294, 0.083175, -0.420883, -0.008275, -0.406926, 0.476882, -0.779099, -0.394217, 0.13591, 0.875023, 0.46461, 0.299766, 0.0, 0.0, 0.0, 1.0],
                [0.90345, 0.082992, -0.420583, -0.008373, -0.406579, 0.476914, -0.77926, -0.394438, 0.13591, 0.875023, 0.46461, 0.300287, 0.0, 0.0, 0.0, 1.0],
                [0.903604, 0.082811, -0.420289, -0.008474, -0.406238, 0.476945, -0.779419, -0.394666, 0.13591, 0.875023, 0.46461, 0.300795, 0.0, 0.0, 0.0, 1.0],
                [0.903754, 0.082634, -0.419999, -0.008579, -0.405902, 0.476976, -0.779575, -0.394901, 0.13591, 0.875023, 0.46461, 0.301288, 0.0, 0.0, 0.0, 1.0],
                [0.903902, 0.08246, -0.419715, -0.008688, -0.405572, 0.477006, -0.779729, -0.395142, 0.13591, 0.875023, 0.46461, 0.301766, 0.0, 0.0, 0.0, 1.0],
                [0.904047, 0.08229, -0.419436, -0.0088, -0.405249, 0.477035, -0.779879, -0.395389, 0.13591, 0.875023, 0.46461, 0.302231, 0.0, 0.0, 0.0, 1.0],
                [0.90419, 0.082122, -0.419162, -0.008916, -0.404932, 0.477064, -0.780026, -0.395642, 0.13591, 0.875023, 0.46461, 0.302681, 0.0, 0.0, 0.0, 1.0],
                [0.904329, 0.081958, -0.418894, -0.009035, -0.404621, 0.477092, -0.78017, -0.3959, 0.13591, 0.875023, 0.46461, 0.303116, 0.0, 0.0, 0.0, 1.0],
                [0.904465, 0.081797, -0.418631, -0.009158, -0.404316, 0.47712, -0.780311, -0.396165, 0.13591, 0.875023, 0.46461, 0.303538, 0.0, 0.0, 0.0, 1.0],
                [0.904598, 0.08164, -0.418374, -0.009284, -0.404018, 0.477147, -0.780449, -0.396435, 0.13591, 0.875023, 0.46461, 0.303945, 0.0, 0.0, 0.0, 1.0],
                [0.904728, 0.081486, -0.418122, -0.009413, -0.403726, 0.477173, -0.780584, -0.39671, 0.13591, 0.875023, 0.46461, 0.304337, 0.0, 0.0, 0.0, 1.0],
                [0.904856, 0.081336, -0.417877, -0.009546, -0.403441, 0.477199, -0.780715, -0.396991, 0.13591, 0.875023, 0.46461, 0.304716, 0.0, 0.0, 0.0, 1.0],
                [0.904979, 0.08119, -0.417637, -0.009681, -0.403163, 0.477224, -0.780844, -0.397277, 0.13591, 0.875023, 0.46461, 0.305081, 0.0, 0.0, 0.0, 1.0],
                [0.9051, 0.081047, -0.417403, -0.00982, -0.402892, 0.477248, -0.780969, -0.397568, 0.13591, 0.875023, 0.46461, 0.305432, 0.0, 0.0, 0.0, 1.0],
                [0.905218, 0.080907, -0.417175, -0.009962, -0.402628, 0.477272, -0.781091, -0.397864, 0.13591, 0.875023, 0.46461, 0.305769, 0.0, 0.0, 0.0, 1.0],
                [0.905332, 0.080772, -0.416953, -0.010107, -0.402371, 0.477295, -0.781209, -0.398164, 0.13591, 0.875023, 0.46461, 0.306092, 0.0, 0.0, 0.0, 1.0],
                [0.905443, 0.08064, -0.416738, -0.010254, -0.402121, 0.477317, -0.781324, -0.398469, 0.13591, 0.875023, 0.46461, 0.306402, 0.0, 0.0, 0.0, 1.0],
                [0.905551, 0.080512, -0.416528, -0.010405, -0.401879, 0.477338, -0.781436, -0.398779, 0.13591, 0.875023, 0.46461, 0.306699, 0.0, 0.0, 0.0, 1.0],
                [0.905655, 0.080388, -0.416325, -0.010558, -0.401644, 0.477359, -0.781544, -0.399093, 0.13591, 0.875023, 0.46461, 0.306983, 0.0, 0.0, 0.0, 1.0],
                [0.905756, 0.080269, -0.416129, -0.010714, -0.401416, 0.477379, -0.781648, -0.399411, 0.13591, 0.875023, 0.46461, 0.307254, 0.0, 0.0, 0.0, 1.0],
                [0.905853, 0.080153, -0.415939, -0.010873, -0.401196, 0.477399, -0.781749, -0.399733, 0.13591, 0.875023, 0.46461, 0.307512, 0.0, 0.0, 0.0, 1.0],
                [0.905947, 0.080041, -0.415756, -0.011034, -0.400984, 0.477418, -0.781846, -0.400059, 0.13591, 0.875023, 0.46461, 0.307757, 0.0, 0.0, 0.0, 1.0],
                [0.906037, 0.079933, -0.41558, -0.011198, -0.40078, 0.477436, -0.78194, -0.400389, 0.13591, 0.875023, 0.46461, 0.30799, 0.0, 0.0, 0.0, 1.0],
                [0.906124, 0.07983, -0.415411, -0.011365, -0.400584, 0.477453, -0.78203, -0.400723, 0.13591, 0.875023, 0.46461, 0.308211, 0.0, 0.0, 0.0, 1.0],
                [0.906207, 0.079731, -0.415248, -0.011534, -0.400396, 0.47747, -0.782116, -0.40106, 0.13591, 0.875023, 0.46461, 0.30842, 0.0, 0.0, 0.0, 1.0],
                [0.906287, 0.079636, -0.415093, -0.011705, -0.400216, 0.477485, -0.782199, -0.4014, 0.13591, 0.875023, 0.46461, 0.308617, 0.0, 0.0, 0.0, 1.0],
                [0.906363, 0.079545, -0.414945, -0.011879, -0.400044, 0.4775, -0.782278, -0.401744, 0.13591, 0.875023, 0.46461, 0.308802, 0.0, 0.0, 0.0, 1.0],
                [0.906435, 0.079459, -0.414804, -0.012055, -0.39988, 0.477515, -0.782352, -0.402091, 0.13591, 0.875023, 0.46461, 0.308976, 0.0, 0.0, 0.0, 1.0],
                [0.906503, 0.079378, -0.41467, -0.012233, -0.399726, 0.477528, -0.782423, -0.402441, 0.13591, 0.875023, 0.46461, 0.309139, 0.0, 0.0, 0.0, 1.0],
                [0.906568, 0.079301, -0.414544, -0.012413, -0.399579, 0.477541, -0.78249, -0.402793, 0.13591, 0.875023, 0.46461, 0.30929, 0.0, 0.0, 0.0, 1.0],
                [0.906628, 0.079228, -0.414425, -0.012596, -0.399442, 0.477553, -0.782553, -0.403149, 0.13591, 0.875023, 0.46461, 0.30943, 0.0, 0.0, 0.0, 1.0],
                [0.906685, 0.07916, -0.414314, -0.01278, -0.399313, 0.477564, -0.782612, -0.403507, 0.13591, 0.875023, 0.46461, 0.30956, 0.0, 0.0, 0.0, 1.0],
                [0.906738, 0.079097, -0.41421, -0.012966, -0.399193, 0.477575, -0.782667, -0.403867, 0.13591, 0.875023, 0.46461, 0.309679, 0.0, 0.0, 0.0, 1.0],
                [0.906787, 0.079039, -0.414114, -0.013155, -0.399082, 0.477585, -0.782718, -0.404229, 0.13591, 0.875023, 0.46461, 0.309787, 0.0, 0.0, 0.0, 1.0],
                [0.906832, 0.078985, -0.414026, -0.013345, -0.39898, 0.477593, -0.782764, -0.404594, 0.13591, 0.875023, 0.46461, 0.309886, 0.0, 0.0, 0.0, 1.0],
                [0.906872, 0.078936, -0.413946, -0.013537, -0.398887, 0.477601, -0.782806, -0.404961, 0.13591, 0.875023, 0.46461, 0.309974, 0.0, 0.0, 0.0, 1.0],
                [0.906909, 0.078892, -0.413875, -0.013731, -0.398804, 0.477609, -0.782844, -0.405329, 0.13591, 0.875023, 0.46461, 0.310052, 0.0, 0.0, 0.0, 1.0],
                [0.906941, 0.078853, -0.413811, -0.013926, -0.39873, 0.477615, -0.782878, -0.4057, 0.13591, 0.875023, 0.46461, 0.31012, 0.0, 0.0, 0.0, 1.0],
                [0.90697, 0.07882, -0.413755, -0.014123, -0.398666, 0.477621, -0.782907, -0.406072, 0.13591, 0.875023, 0.46461, 0.310179, 0.0, 0.0, 0.0, 1.0],
                [0.906994, 0.078791, -0.413708, -0.014322, -0.398611, 0.477626, -0.782932, -0.406445, 0.13591, 0.875023, 0.46461, 0.310228, 0.0, 0.0, 0.0, 1.0],
                [0.907014, 0.078767, -0.413669, -0.014522, -0.398566, 0.477629, -0.782953, -0.40682, 0.13591, 0.875023, 0.46461, 0.310268, 0.0, 0.0, 0.0, 1.0],
                [0.907029, 0.078748, -0.413639, -0.014724, -0.398531, 0.477632, -0.782969, -0.407196, 0.13591, 0.875023, 0.46461, 0.310299, 0.0, 0.0, 0.0, 1.0],
                [0.90704, 0.078735, -0.413617, -0.014927, -0.398505, 0.477635, -0.782981, -0.407573, 0.13591, 0.875023, 0.46461, 0.310321, 0.0, 0.0, 0.0, 1.0],
                [0.907047, 0.078727, -0.413604, -0.015131, -0.39849, 0.477636, -0.782987, -0.40795, 0.13591, 0.875023, 0.46461, 0.310334, 0.0, 0.0, 0.0, 1.0],
                [0.907049, 0.078724, -0.413599, -0.015337, -0.398485, 0.477636, -0.78299, -0.408329, 0.13591, 0.875023, 0.46461, 0.310339, 0.0, 0.0, 0.0, 1.0],
                [0.907047, 0.078727, -0.413604, -0.015544, -0.39849, 0.477636, -0.782987, -0.408708, 0.13591, 0.875023, 0.46461, 0.310334, 0.0, 0.0, 0.0, 1.0],
                [0.90704, 0.078735, -0.413617, -0.015752, -0.398506, 0.477635, -0.78298, -0.409088, 0.13591, 0.875023, 0.46461, 0.310321, 0.0, 0.0, 0.0, 1.0],
                [0.907029, 0.078748, -0.413639, -0.015961, -0.398531, 0.477633, -0.782969, -0.409468, 0.13591, 0.875023, 0.46461, 0.310299, 0.0, 0.0, 0.0, 1.0],
                [0.907014, 0.078767, -0.413669, -0.016171, -0.398566, 0.477629, -0.782953, -0.409848, 0.13591, 0.875023, 0.46461, 0.310268, 0.0, 0.0, 0.0, 1.0],
                [0.906994, 0.078791, -0.413708, -0.016382, -0.398611, 0.477626, -0.782932, -0.410229, 0.13591, 0.875023, 0.46461, 0.310228, 0.0, 0.0, 0.0, 1.0],
                [0.90697, 0.078819, -0.413755, -0.016593, -0.398666, 0.477621, -0.782907, -0.410609, 0.13591, 0.875023, 0.46461, 0.310179, 0.0, 0.0, 0.0, 1.0],
                [0.906941, 0.078853, -0.413811, -0.016806, -0.39873, 0.477615, -0.782878, -0.41099, 0.13591, 0.875023, 0.46461, 0.31012, 0.0, 0.0, 0.0, 1.0],
                [0.906909, 0.078892, -0.413874, -0.017019, -0.398804, 0.477609, -0.782844, -0.41137, 0.13591, 0.875023, 0.46461, 0.310052, 0.0, 0.0, 0.0, 1.0],
                [0.906872, 0.078936, -0.413947, -0.017233, -0.398887, 0.477602, -0.782806, -0.411749, 0.13591, 0.875023, 0.46461, 0.309974, 0.0, 0.0, 0.0, 1.0],
                [0.906832, 0.078985, -0.414026, -0.017447, -0.39898, 0.477593, -0.782764, -0.412128, 0.13591, 0.875023, 0.46461, 0.309886, 0.0, 0.0, 0.0, 1.0],
                [0.906787, 0.079039, -0.414114, -0.017661, -0.399082, 0.477584, -0.782718, -0.412506, 0.13591, 0.875023, 0.46461, 0.309787, 0.0, 0.0, 0.0, 1.0],
                [0.906738, 0.079097, -0.41421, -0.017876, -0.399193, 0.477575, -0.782667, -0.412884, 0.13591, 0.875023, 0.46461, 0.309679, 0.0, 0.0, 0.0, 1.0],
                [0.906685, 0.07916, -0.414314, -0.018091, -0.399313, 0.477565, -0.782612, -0.41326, 0.13591, 0.875023, 0.46461, 0.30956, 0.0, 0.0, 0.0, 1.0],
                [0.906628, 0.079228, -0.414425, -0.018307, -0.399442, 0.477553, -0.782553, -0.413635, 0.13591, 0.875023, 0.46461, 0.30943, 0.0, 0.0, 0.0, 1.0],
                [0.906568, 0.079301, -0.414544, -0.018522, -0.399579, 0.477541, -0.78249, -0.41401, 0.13591, 0.875023, 0.46461, 0.30929, 0.0, 0.0, 0.0, 1.0],
                [0.906503, 0.079378, -0.41467, -0.018738, -0.399726, 0.477528, -0.782423, -0.414382, 0.13591, 0.875023, 0.46461, 0.309139, 0.0, 0.0, 0.0, 1.0],
                [0.906435, 0.079459, -0.414804, -0.018953, -0.39988, 0.477515, -0.782352, -0.414753, 0.13591, 0.875023, 0.46461, 0.308976, 0.0, 0.0, 0.0, 1.0],
                [0.906363, 0.079545, -0.414945, -0.019168, -0.400044, 0.477501, -0.782278, -0.415123, 0.13591, 0.875023, 0.46461, 0.308802, 0.0, 0.0, 0.0, 1.0],
                [0.906287, 0.079636, -0.415093, -0.019383, -0.400216, 0.477485, -0.782199, -0.415491, 0.13591, 0.875023, 0.46461, 0.308617, 0.0, 0.0, 0.0, 1.0],
                [0.906207, 0.079731, -0.415248, -0.019598, -0.400396, 0.47747, -0.782116, -0.415857, 0.13591, 0.875023, 0.46461, 0.30842, 0.0, 0.0, 0.0, 1.0],
                [0.906124, 0.07983, -0.415411, -0.019812, -0.400584, 0.477453, -0.78203, -0.416221, 0.13591, 0.875023, 0.46461, 0.308211, 0.0, 0.0, 0.0, 1.0],
                [0.906037, 0.079933, -0.41558, -0.020026, -0.40078, 0.477436, -0.78194, -0.416582, 0.13591, 0.875023, 0.46461, 0.30799, 0.0, 0.0, 0.0, 1.0],
                [0.905947, 0.080041, -0.415756, -0.020239, -0.400984, 0.477418, -0.781846, -0.416942, 0.13591, 0.875023, 0.46461, 0.307757, 0.0, 0.0, 0.0, 1.0],
                [0.905853, 0.080153, -0.415939, -0.020452, -0.401196, 0.477399, -0.781749, -0.417298, 0.13591, 0.875023, 0.46461, 0.307512, 0.0, 0.0, 0.0, 1.0],
                [0.905756, 0.080269, -0.416129, -0.020664, -0.401416, 0.477379, -0.781648, -0.417653, 0.13591, 0.875023, 0.46461, 0.307254, 0.0, 0.0, 0.0, 1.0],
                [0.905655, 0.080388, -0.416325, -0.020875, -0.401644, 0.477359, -0.781544, -0.418004, 0.13591, 0.875023, 0.46461, 0.306983, 0.0, 0.0, 0.0, 1.0],
                [0.905551, 0.080512, -0.416528, -0.021085, -0.401879, 0.477338, -0.781436, -0.418353, 0.13591, 0.875023, 0.46461, 0.306699, 0.0, 0.0, 0.0, 1.0],
                [0.905443, 0.08064, -0.416738, -0.021295, -0.402121, 0.477317, -0.781324, -0.418699, 0.13591, 0.875023, 0.46461, 0.306402, 0.0, 0.0, 0.0, 1.0],
                [0.905332, 0.080772, -0.416953, -0.021503, -0.402371, 0.477294, -0.781209, -0.419041, 0.13591, 0.875023, 0.46461, 0.306092, 0.0, 0.0, 0.0, 1.0],
                [0.905218, 0.080907, -0.417175, -0.02171, -0.402628, 0.477272, -0.781091, -0.419381, 0.13591, 0.875023, 0.46461, 0.305769, 0.0, 0.0, 0.0, 1.0],
