{
    "animation": [
        {
            "name": "Root",
            "time": [0.0, 0.0167, 0.0333, 0.05, 0.0667, 0.0833, 0.1, 0.1167, 0.1333, 0.15, 0.1667, 0.1833, 0.2, 0.2167, 0.2333, 0.25, 0.2667, 0.2833, 0.3, 0.3167, 0.3333, 0.35, 0.3667, 0.3833, 0.4, 0.4167, 0.4333, 0.45, 0.4667, 0.4833, 0.5, 0.5167, 0.5333, 0.55, 0.5667, 0.5833, 0.6],
            "transform": [
                [1.0, 0.0, 0.0, -5e-06, 0.0, 0.087156, -0.996195, 0.000946, 0.0, 0.996195, 0.087156, 0.643972, 0.0, 0.0, 0.0, 1.0],
                [1.0, 0.0, 0.0, -5e-06, 0.0, 0.087156, -0.996195, 0.000946, 0.0, 0.996195, 0.087156, 0.648659, 0.0, 0.0, 0.0, 1.0],
                [1.0, 0.0, 0.0, -5e-06, 0.0, 0.087156, -0.996195, 0.000946, 0.0, 0.996195, 0.087156, 0.662722, 0.0, 0.0, 0.0, 1.0],
                [1.0, 0.0, 0.0, -5e-06, 0.0, 0.087156, -0.996195, 0.000946, 0.0, 0.996195, 0.087156, 0.686159, 0.0, 0.0, 0.0, 1.0],
                [1.0, 0.0, 0.0, -5e-06, 0.0, 0.087156, -0.996195, 0.000946, 0.0, 0.996195, 0.087156, 0.718972, 0.0, 0.0, 0.0, 1.0],
                [1.0, 0.0, 0.0, -5e-06, 0.0, 0.087156, -0.996195, 0.000946, 0.0, 0.996195, 0.087156, 0.751784, 0.0, 0.0, 0.0, 1.0],
                [1.0, 0.0, 0.0, -5e-06, 0.0, 0.087156, -0.996195, 0.000946, 0.0, 0.996195, 0.087156, 0.775222, 0.0, 0.0, 0.0, 1.0],
                [1.0, 0.0, 0.0, -5e-06, 0.0, 0.087156, -0.996195, 0.000946, 0.0, 0.996195, 0.087156, 0.789284, 0.0, 0.0, 0.0, 1.0],
                [1.0, 0.0, 0.0, -5e-06, 0.0, 0.087156, -0.996195, 0.000946, 0.0, 0.996195, 0.087156, 0.793972, 0.0, 0.0, 0.0, 1.0],
                [1.0, 0.0, 0.0, -5e-06, 0.0, 0.087156, -0.996195, 0.000946, 0.0, 0.996195, 0.087156, 0.790972, 0.0, 0.0, 0.0, 1.0],
                [1.0, 0.0, 0.0, -5e-06, 0.0, 0.087156, -0.996195, 0.000946, 0.0, 0.996195, 0.087156, 0.781972, 0.0, 0.0, 0.0, 1.0],
                [1.0, 0.0, 0.0, -5e-06, 0.0, 0.087156, -0.996195, 0.000946, 0.0, 0.996195, 0.087156, 0.766972, 0.0, 0.0, 0.0, 1.0],
                [1.0, 0.0, 0.0, -5e-06, 0.0, 0.087156, -0.996195, 0.000946, 0.0, 0.996195, 0.087156, 0.745972, 0.0, 0.0, 0.0, 1.0],
                [1.0, 0.0, 0.0, -5e-06, 0.0, 0.087156, -0.996195, 0.000946, 0.0, 0.996195, 0.087156, 0.718972, 0.0, 0.0, 0.0, 1.0],
                [1.0, 0.0, 0.0, -5e-06, 0.0, 0.087156, -0.996195, 0.000946, 0.0, 0.996195, 0.087156, 0.691972, 0.0, 0.0, 0.0, 1.0],
                [1.0, 0.0, 0.0, -5e-06, 0.0, 0.087156, -0.996195, 0.000946, 0.0, 0.996195, 0.087156, 0.670972, 0.0, 0.0, 0.0, 1.0],
                [1.0, 0.0, 0.0, -5e-06, 0.0, 0.087156, -0.996195, 0.000946, 0.0, 0.996195, 0.087156, 0.655972, 0.0, 0.0, 0.0, 1.0],
                [1.0, 0.0, 0.0, -5e-06, 0.0, 0.087156, -0.996195, 0.000946, 0.0, 0.996195, 0.087156, 0.646972, 0.0, 0.0, 0.0, 1.0],
                [1.0, 0.0, 0.0, -5e-06, 0.0, 0.087156, -0.996195, 0.000946, 0.0, 0.996195, 0.087156, 0.643972, 0.0, 0.0, 0.0, 1.0],
                [1.0, 0.0, 0.0, -5e-06, 0.0, 0.087156, -0.996195, 0.000946, 0.0, 0.996195, 0.087156, 0.647675, 0.0, 0.0, 0.0, 1.0],
                [1.0, 0.0, 0.0, -5e-06, 0.0, 0.087156, -0.996195, 0.000946, 0.0, 0.996195, 0.087156, 0.658786, 0.0, 0.0, 0.0, 1.0],
                [1.0, 0.0, 0.0, -5e-06, 0.0, 0.087156, -0.996195, 0.000946, 0.0, 0.996195, 0.087156, 0.677305, 0.0, 0.0, 0.0, 1.0],
                [1.0, 0.0, 0.0, -5e-06, 0.0, 0.087156, -0.996195, 0.000946, 0.0, 0.996195, 0.087156, 0.703231, 0.0, 0.0, 0.0, 1.0],
                [1.0, 0.0, 0.0, -5e-06, 0.0, 0.087156, -0.996195, 0.000946, 0.0, 0.996195, 0.087156, 0.734712, 0.0, 0.0, 0.0, 1.0],
                [1.0, 0.0, 0.0, -5e-06, 0.0, 0.087156, -0.996195, 0.000946, 0.0, 0.996195, 0.087156, 0.760638, 0.0, 0.0, 0.0, 1.0],
                [1.0, 0.0, 0.0, -5e-06, 0.0, 0.087156, -0.996195, 0.000946, 0.0, 0.996195, 0.087156, 0.779157, 0.0, 0.0, 0.0, 1.0],
                [1.0, 0.0, 0.0, -5e-06, 0.0, 0.087156, -0.996195, 0.000946, 0.0, 0.996195, 0.087156, 0.790268, 0.0, 0.0, 0.0, 1.0],
                [1.0, 0.0, 0.0, -5e-06, 0.0, 0.087156, -0.996195, 0.000946, 0.0, 0.996195, 0.087156, 0.793972, 0.0, 0.0, 0.0, 1.0],
                [1.0, 0.0, 0.0, -5e-06, 0.0, 0.087156, -0.996195, 0.000946, 0.0, 0.996195, 0.087156, 0.791492, 0.0, 0.0, 0.0, 1.0],
                [1.0, 0.0, 0.0, -5e-06, 0.0, 0.087156, -0.996195, 0.000946, 0.0, 0.996195, 0.087156, 0.784054, 0.0, 0.0, 0.0, 1.0],
                [1.0, 0.0, 0.0, -5e-06, 0.0, 0.087156, -0.996195, 0.000946, 0.0, 0.996195, 0.087156, 0.771658, 0.0, 0.0, 0.0, 1.0],
                [1.0, 0.0, 0.0, -5e-06, 0.0, 0.087156, -0.996195, 0.000946, 0.0, 0.996195, 0.087156, 0.754302, 0.0, 0.0, 0.0, 1.0],
                [1.0, 0.0, 0.0, -5e-06, 0.0, 0.087156, -0.996195, 0.000946, 0.0, 0.996195, 0.087156, 0.731988, 0.0, 0.0, 0.0, 1.0],
                [1.0, 0.0, 0.0, -5e-06, 0.0, 0.087156, -0.996195, 0.000946, 0.0, 0.996195, 0.087156, 0.705955, 0.0, 0.0, 0.0, 1.0],
                [1.0, 0.0, 0.0, -5e-06, 0.0, 0.087156, -0.996195, 0.000946, 0.0, 0.996195, 0.087156, 0.683641, 0.0, 0.0, 0.0, 1.0],
                [1.0, 0.0, 0.0, -5e-06, 0.0, 0.087156, -0.996195, 0.000946, 0.0, 0.996195, 0.087156, 0.666286, 0.0, 0.0, 0.0, 1.0],
                [1.0, 0.0, 0.0, -5e-06, 0.0, 0.087156, -0.996195, 0.000946, 0.0, 0.996195, 0.087156, 0.653889, 0.0, 0.0, 0.0, 1.0]
            ]
        },
        {
            "name": "Thigh_R",
            "time": [0.0, 0.0167, 0.0333, 0.05, 0.0667, 0.0833, 0.1, 0.1167, 0.1333, 0.15, 0.1667, 0.1833, 0.2, 0.2167, 0.2333, 0.25, 0.2667, 0.2833, 0.3, 0.3167, 0.3333, 0.35, 0.3667, 0.3833, 0.4, 0.4167, 0.4333, 0.45, 0.4667, 0.4833, 0.5, 0.5167, 0.5333, 0.55, 0.5667, 0.5833, 0.6],
            "transform": [
                [1.0, -0.0, -0.0, 0.124994, -0.0, -0.81915, 0.573577, 0.077169, -0.0, -0.573576, -0.819152, -0.100012, 0.0, 0.0, 0.0, 1.0],
                [1.0, -0.0, -0.0, 0.124994, -0.0, -0.826641, 0.562726, 0.076456, -0.0, -0.562725, -0.826644, -0.098229, 0.0, 0.0, 0.0, 1.0],
                [1.0, -0.0, -0.0, 0.124994, -0.0, -0.847391, 0.530966, 0.074426, -0.0, -0.530965, -0.847393, -0.093153, 0.0, 0.0, 0.0, 1.0],
                [1.0, -0.0, -0.0, 0.124994, -0.0, -0.878028, 0.478606, 0.071243, -0.0, -0.478605, -0.87803, -0.085197, 0.0, 0.0, 0.0, 1.0],
                [1.0, -0.0, -0.0, 0.124994, -0.0, -0.914129, 0.40542, 0.067073, -0.0, -0.405419, -0.914131, -0.074772, 0.0, 0.0, 0.0, 1.0],
                [1.0, -0.0, -0.0, 0.124994, -0.0, -0.950249, 0.311485, 0.06208, -0.0, -0.311484, -0.950252, -0.062289, 0.0, 0.0, 0.0, 1.0],
                [1.0, -0.0, -0.0, 0.124994, -0.0, -0.980189, 0.198056, 0.056429, -0.0, -0.198056, -0.980191, -0.04816, 0.0, 0.0, 0.0, 1.0],
                [1.0, -0.0, -0.0, 0.124994, -0.0, -0.997662, 0.068316, 0.050283, -0.0, -0.068316, -0.997664, -0.032796, 0.0, 0.0, 0.0, 1.0],
                [1.0, -0.0, -0.0, 0.124994, -0.0, -0.997381, -0.072295, 0.043809, -0.0, 0.072295, -0.997384, -0.01661, 0.0, 0.0, 0.0, 1.0],
                [1.0, -0.0, -0.0, 0.124994, -0.0, -0.976294, -0.216439, 0.037169, -0.0, 0.216439, -0.976297, -1.2e-05, 0.0, 0.0, 0.0, 1.0],
                [1.0, -0.0, -0.0, 0.124994, -0.0, -0.934488, -0.35599, 0.03053, -0.0, 0.35599, -0.93449, 0.016586, 0.0, 0.0, 0.0, 1.0],
                [1.0, -0.0, -0.0, 0.124994, -0.0, -0.875317, -0.483546, 0.024055, 0.0, 0.483545, -0.875319, 0.032773, 0.0, 0.0, 0.0, 1.0],
                [1.0, -0.0, -0.0, 0.124994, -0.0, -0.804651, -0.593746, 0.01791, 0.0, 0.593745, -0.804653, 0.048136, 0.0, 0.0, 0.0, 1.0],
                [1.0, -0.0, -0.0, 0.124994, -0.0, -0.72958, -0.683894, 0.012259, 0.0, 0.683892, -0.729582, 0.062265, 0.0, 0.0, 0.0, 1.0],
                [1.0, -0.0, -0.0, 0.124994, -0.0, -0.657145, -0.753763, 0.007265, 0.0, 0.753761, -0.657147, 0.074748, 0.0, 0.0, 0.0, 1.0],
                [1.0, -0.0, -0.0, 0.124994, -0.0, -0.593497, -0.804835, 0.003095, 0.0, 0.804834, -0.593498, 0.085173, 0.0, 0.0, 0.0, 1.0],
                [1.0, -0.0, -0.0, 0.124994, -0.0, -0.543603, -0.839342, -8.7e-05, 0.0, 0.83934, -0.543604, 0.093129, 0.0, 0.0, 0.0, 1.0],
                [1.0, -0.0, -0.0, 0.124994, -0.0, -0.511374, -0.859357, -0.002117, 0.0, 0.859356, -0.511376, 0.098205, 0.0, 0.0, 0.0, 1.0],
                [1.0, -0.0, -0.0, 0.124994, -0.0, -0.499999, -0.866026, -0.002831, 0.0, 0.866024, -0.500001, 0.099988, 0.0, 0.0, 0.0, 1.0],
                [1.0, -0.0, -0.0, 0.124994, -0.0, -0.53314, -0.846026, 0.002313, 0.0, 0.846025, -0.533141, 0.086957, 0.0, 0.0, 0.0, 1.0],
                [1.0, -0.0, -0.0, 0.124994, -0.0, -0.621651, -0.783293, 0.016099, 0.0, 0.783292, -0.621653, 0.052032, 0.0, 0.0, 0.0, 1.0],
                [1.0, -0.0, 0.0, 0.124994, -0.0, -0.744432, -0.667697, 0.036058, 0.0, 0.667695, -0.744434, 0.00147, 0.0, 0.0, 0.0, 1.0],
                [1.0, -0.0, 0.0, 0.124994, -0.0, -0.870696, -0.491819, 0.059721, 0.0, 0.491818, -0.870698, -0.058475, 0.0, 0.0, 0.0, 1.0],
                [1.0, -0.0, 0.0, 0.124994, -0.0, -0.964088, -0.265576, 0.084618, 0.0, 0.265575, -0.96409, -0.121548, 0.0, 0.0, 0.0, 1.0],
                [1.0, -0.0, 0.0, 0.124994, -0.0, -0.999748, -0.022353, 0.10828, 0.0, 0.022353, -0.999751, -0.181493, 0.0, 0.0, 0.0, 1.0],
                [1.0, -0.0, 0.0, 0.124994, -0.0, -0.980949, 0.194254, 0.128239, 0.0, -0.194254, -0.980952, -0.232056, 0.0, 0.0, 0.0, 1.0],
                [1.0, -0.0, 0.0, 0.124994, -0.0, -0.936045, 0.351875, 0.142025, 0.0, -0.351874, -0.936047, -0.26698, 0.0, 0.0, 0.0, 1.0],
                [1.0, -0.0, 0.0, 0.124994, -0.0, -0.899894, 0.436104, 0.147169, 0.0, -0.436103, -0.899897, -0.280012, 0.0, 0.0, 0.0, 1.0],
                [1.0, -0.0, 0.0, 0.124994, -0.0, -0.879349, 0.476174, 0.145539, -0.0, -0.476173, -0.879352, -0.275819, 0.0, 0.0, 0.0, 1.0],
                [1.0, -0.0, 0.0, 0.124994, -0.0, -0.861959, 0.506975, 0.141069, -0.0, -0.506974, -0.861961, -0.264324, 0.0, 0.0, 0.0, 1.0],
                [1.0, -0.0, 0.0, 0.124994, -0.0, -0.847927, 0.530111, 0.134389, -0.0, -0.53011, -0.847929, -0.247149, 0.0, 0.0, 0.0, 1.0],
                [1.0, -0.0, 0.0, 0.124994, -0.0, -0.837154, 0.546965, 0.126133, -0.0, -0.546963, -0.837156, -0.225917, 0.0, 0.0, 0.0, 1.0],
                [1.0, -0.0, -0.0, 0.124994, -0.0, -0.829351, 0.558725, 0.116929, -0.0, -0.558724, -0.829354, -0.202251, 0.0, 0.0, 0.0, 1.0],
                [1.0, -0.0, -0.0, 0.124994, -0.0, -0.824113, 0.566424, 0.10741, -0.0, -0.566422, -0.824115, -0.177773, 0.0, 0.0, 0.0, 1.0],
                [1.0, -0.0, -0.0, 0.124994, -0.0, -0.820966, 0.570974, 0.098206, -0.0, -0.570973, -0.820968, -0.154107, 0.0, 0.0, 0.0, 1.0],
                [1.0, -0.0, -0.0, 0.124994, -0.0, -0.819409, 0.573207, 0.089949, -0.0, -0.573206, -0.819411, -0.132874, 0.0, 0.0, 0.0, 1.0],
                [1.0, -0.0, -0.0, 0.124994, -0.0, -0.818928, 0.573894, 0.08327, -0.0, -0.573893, -0.81893, -0.115699, 0.0, 0.0, 0.0, 1.0]
            ]
        },
        {
            "name": "Leg_R",
            "time": [0.0, 0.6],
            "transform": [
                [1.0, 0.0, -0.0, 0.0, -0.0, 1.000001, -0.0, 0.37472, 0.0, -0.0, 0.999999, 0.0, 0.0, 0.0, 0.0, 1.0],
                [1.0, 0.0, 0.0, -0.0, -0.0, 1.000001, -0.0, 0.37472, -0.0, 0.0, 0.999999, -0.0, 0.0, 0.0, 0.0, 1.0]
            ]
        },
        {
            "name": "Knee_R",
            "time": [0.0, 0.6],
            "transform": [
                [1.0, 0.0, -0.0, -0.0, -0.0, 0.0, -1.0, 0.37472, -0.0, 1.0, 0.0, -0.0, 0.0, 0.0, 0.0, 1.0],
                [1.0, 0.0, -0.0, -0.0, -0.0, 0.0, -1.0, 0.37472, -0.0, 1.0, 0.0, -0.0, 0.0, 0.0, 0.0, 1.0]
            ]
        },
        {
            "name": "Thigh_L",
            "time": [0.0, 0.0167, 0.0333, 0.05, 0.0667, 0.0833, 0.1, 0.1167, 0.1333, 0.15, 0.1667, 0.1833, 0.2, 0.2167, 0.2333, 0.25, 0.2667, 0.2833, 0.3, 0.3167, 0.3333, 0.35, 0.3667, 0.3833, 0.4, 0.4167, 0.4333, 0.45, 0.4667, 0.4833, 0.5, 0.5167, 0.5333, 0.55, 0.5667, 0.5833, 0.6],
            "transform": [
                [1.0, -0.0, -0.0, -0.125006, -0.0, -0.5, -0.866025, -0.002831, 0.0, 0.866025, -0.5, 0.099988, 0.0, 0.0, 0.0, 1.0],
                [1.0, -0.0, -0.0, -0.125006, -0.0, -0.551129, -0.834419, 0.004044, 0.0, 0.834419, -0.551129, 0.087742, 0.0, 0.0, 0.0, 1.0],
                [1.0, -1e-06, -0.0, -0.125006, -0.0, -0.682935, -0.730479, 0.022169, 0.0, 0.730478, -0.682935, 0.055457, 0.0, 0.0, 0.0, 1.0],
                [1.0, -1e-06, 0.0, -0.125006, -1e-06, -0.847634, -0.530579, 0.047794, 0.0, 0.530579, -0.847635, 0.009812, 0.0, 0.0, 0.0, 1.0],
                [1.0, -1e-06, 0.0, -0.125006, -1e-06, -0.972167, -0.234286, 0.077169, 0.0, 0.234286, -0.972167, -0.042512, 0.0, 0.0, 0.0, 1.0],
                [1.0, -1e-06, 0.0, -0.125006, -1e-06, -0.9951, 0.098862, 0.106544, 0.0, -0.098862, -0.995101, -0.094836, 0.0, 0.0, 0.0, 1.0],
                [1.0, -1e-06, 0.0, -0.125006, -1e-06, -0.92574, 0.378159, 0.132169, 0.0, -0.378159, -0.92574, -0.140481, 0.0, 0.0, 0.0, 1.0],
                [1.0, -1e-06, 0.0, -0.125006, -1e-06, -0.834698, 0.550707, 0.150294, 0.0, -0.550707, -0.834698, -0.172766, 0.0, 0.0, 0.0, 1.0],
                [1.0, -1e-06, 0.0, -0.125006, -1e-06, -0.793352, 0.608761, 0.157169, -0.0, -0.608761, -0.793353, -0.185012, 0.0, 0.0, 0.0, 1.0],
                [1.0, -1e-06, 0.0, -0.125006, -1e-06, -0.794671, 0.607039, 0.156246, -0.0, -0.607039, -0.794671, -0.183024, 0.0, 0.0, 0.0, 1.0],
                [1.0, -1e-06, 0.0, -0.125006, -1e-06, -0.798187, 0.602408, 0.153619, -0.0, -0.602408, -0.798188, -0.177395, 0.0, 0.0, 0.0, 1.0],
                [1.0, -1e-06, 0.0, -0.125006, -1e-06, -0.803541, 0.595248, 0.1495, -0.0, -0.595248, -0.803542, -0.168624, 0.0, 0.0, 0.0, 1.0],
                [1.0, -1e-06, 0.0, -0.125006, -1e-06, -0.810355, 0.585938, 0.144103, -0.0, -0.585938, -0.810355, -0.157211, 0.0, 0.0, 0.0, 1.0],
                [1.0, -1e-06, 0.0, -0.125006, -1e-06, -0.818274, 0.574826, 0.13764, -0.0, -0.574826, -0.818275, -0.143659, 0.0, 0.0, 0.0, 1.0],
                [1.0, -1e-06, 0.0, -0.125006, -1e-06, -0.826996, 0.562207, 0.130324, -0.0, -0.562207, -0.826996, -0.128465, 0.0, 0.0, 0.0, 1.0],
                [1.0, -1e-06, -0.0, -0.125006, -1e-06, -0.836276, 0.548308, 0.122368, -0.0, -0.548307, -0.836276, -0.112132, 0.0, 0.0, 0.0, 1.0],
                [1.0, -1e-06, -0.0, -0.125006, -1e-06, -0.845939, 0.533278, 0.113985, -0.0, -0.533278, -0.845939, -0.095159, 0.0, 0.0, 0.0, 1.0],
                [1.0, -1e-06, -0.0, -0.125006, -1e-06, -0.855872, 0.517185, 0.105388, -0.0, -0.517185, -0.855873, -0.078047, 0.0, 0.0, 0.0, 1.0],
                [1.0, -0.0, -0.0, -0.125006, -0.0, -0.866025, 0.5, 0.096789, -0.0, -0.5, -0.866025, -0.061296, 0.0, 0.0, 0.0, 1.0],
                [1.0, -0.0, -0.0, -0.125006, -0.0, -0.88011, 0.474767, 0.08837, -0.0, -0.474767, -0.880111, -0.045323, 0.0, 0.0, 0.0, 1.0],
                [1.0, -0.0, -0.0, -0.125006, -0.0, -0.900504, 0.434845, 0.080183, -0.0, -0.434845, -0.900505, -0.030206, 0.0, 0.0, 0.0, 1.0],
                [1.0, -0.0, -0.0, -0.125006, -0.0, -0.924815, 0.380415, 0.072251, -0.0, -0.380415, -0.924816, -0.015943, 0.0, 0.0, 0.0, 1.0],
                [1.0, -0.0, -0.0, -0.125006, -0.0, -0.950185, 0.311684, 0.064595, -0.0, -0.311683, -0.950186, -0.002529, 0.0, 0.0, 0.0, 1.0],
                [1.0, -0.0, -0.0, -0.125006, -0.0, -0.973373, 0.229222, 0.057237, -0.0, -0.229222, -0.973374, 0.01004, 0.0, 0.0, 0.0, 1.0],
                [1.0, -0.0, -0.0, -0.125006, -0.0, -0.990942, 0.134282, 0.050197, -0.0, -0.134282, -0.990943, 0.021768, 0.0, 0.0, 0.0, 1.0],
                [1.0, -0.0, -0.0, -0.125006, -0.0, -0.999577, 0.02903, 0.043498, -0.0, -0.02903, -0.999578, 0.032659, 0.0, 0.0, 0.0, 1.0],
                [1.0, -0.0, -0.0, -0.125006, -0.0, -0.996517, -0.083376, 0.03716, -0.0, 0.083376, -0.996518, 0.042718, 0.0, 0.0, 0.0, 1.0],
                [1.0, -0.0, -0.0, -0.125006, -0.0, -0.980012, -0.198935, 0.031207, -0.0, 0.198935, -0.980012, 0.051949, 0.0, 0.0, 0.0, 1.0],
                [1.0, -0.0, -0.0, -0.125006, -0.0, -0.949689, -0.313191, 0.025658, -0.0, 0.313191, -0.94969, 0.060355, 0.0, 0.0, 0.0, 1.0],
                [1.0, -0.0, -0.0, -0.125006, -0.0, -0.906701, -0.421772, 0.020535, 0.0, 0.421772, -0.906701, 0.067941, 0.0, 0.0, 0.0, 1.0],
                [1.0, -0.0, -0.0, -0.125006, -0.0, -0.85358, -0.52096, 0.01586, 0.0, 0.520959, -0.853581, 0.074711, 0.0, 0.0, 0.0, 1.0],
                [1.0, -0.0, -0.0, -0.125006, -0.0, -0.793861, -0.608098, 0.011655, 0.0, 0.608098, -0.793862, 0.080669, 0.0, 0.0, 0.0, 1.0],
                [1.0, -0.0, -0.0, -0.125006, -0.0, -0.731567, -0.681768, 0.007941, 0.0, 0.681768, -0.731568, 0.085819, 0.0, 0.0, 0.0, 1.0],
                [1.0, -0.0, -0.0, -0.125006, -0.0, -0.670732, -0.741699, 0.004739, 0.0, 0.741699, -0.670732, 0.090166, 0.0, 0.0, 0.0, 1.0],
                [1.0, -0.0, -0.0, -0.125006, -0.0, -0.615046, -0.78849, 0.002072, 0.0, 0.78849, -0.615047, 0.093713, 0.0, 0.0, 0.0, 1.0],
                [1.0, -0.0, -0.0, -0.125006, -0.0, -0.56769, -0.823242, -4.1e-05, 0.0, 0.823242, -0.56769, 0.096465, 0.0, 0.0, 0.0, 1.0],
                [1.0, -0.0, -0.0, -0.125006, -0.0, -0.53131, -0.847177, -0.001576, 0.0, 0.847176, -0.531311, 0.098425, 0.0, 0.0, 0.0, 1.0]
            ]
        },
        {
            "name": "Leg_L",
            "time": [0.0, 0.6],
            "transform": [
                [1.0, 0.0, 0.0, -0.0, -0.0, 1.0, 0.0, 0.37472, 0.0, 0.0, 1.0, 0.0, 0.0, 0.0, 0.0, 1.0],
                [1.0, -0.0, -0.0, -0.0, -0.0, 1.0, 0.0, 0.37472, 0.0, 0.0, 1.0, 0.0, 0.0, 0.0, 0.0, 1.0]
            ]
        },
        {
            "name": "Knee_L",
            "time": [0.0, 0.6],
            "transform": [
                [1.0, 0.0, -0.0, -0.0, -0.0, 0.0, -1.0, 0.37472, -0.0, 1.0, 0.0, -0.0, 0.0, 0.0, 0.0, 1.0],
                [1.0, 0.0, -0.0, -0.0, -0.0, 0.0, -1.0, 0.37472, -0.0, 1.0, 0.0, 0.0, 0.0, 0.0, 0.0, 1.0]
            ]
        },
        {
            "name": "Torso",
            "time": [0.0, 0.0167, 0.0333, 0.05, 0.0667, 0.0833, 0.1, 0.1167, 0.1333, 0.15, 0.1667, 0.1833, 0.2, 0.2167, 0.2333, 0.25, 0.2667, 0.2833, 0.3, 0.3167, 0.3333, 0.35, 0.3667, 0.3833, 0.4, 0.4167, 0.4333, 0.45, 0.4667, 0.4833, 0.5, 0.5167, 0.5333, 0.55, 0.5667, 0.5833, 0.6],
            "transform": [
                [0.936083, -0.026304, 0.350795, 0.0, -0.057658, 0.972242, 0.226761, 0.05, -0.347023, -0.232493, 0.908583, 0.0, 0.0, 0.0, 0.0, 1.0],
                [0.938262, -0.025868, 0.344957, 0.0, -0.056698, 0.972214, 0.227123, 0.05, -0.341247, -0.232659, 0.910725, 0.0, 0.0, 0.0, 0.0, 1.0],
                [0.944276, -0.02462, 0.328232, 0.0, -0.05395, 0.972137, 0.228122, 0.05, -0.324703, -0.233118, 0.916637, 0.0, 0.0, 0.0, 0.0, 1.0],
                [0.953132, -0.022638, 0.301705, 0.0, -0.049589, 0.972022, 0.229594, 0.05, -0.298462, -0.233795, 0.925344, 0.0, 0.0, 0.0, 0.0, 1.0],
                [0.963651, -0.020001, 0.266414, 0.0, -0.043787, 0.971886, 0.231347, 0.05, -0.263552, -0.234603, 0.935683, 0.0, 0.0, 0.0, 0.0, 1.0],
                [0.974571, -0.016789, 0.22345, 0.0, -0.036721, 0.971742, 0.233171, 0.05, -0.22105, -0.235447, 0.946415, 0.0, 0.0, 0.0, 0.0, 1.0],
                [0.984654, -0.013092, 0.174028, 0.0, -0.028591, 0.971608, 0.234864, 0.05, -0.172162, -0.236235, 0.956323, -0.0, 0.0, 0.0, 0.0, 1.0],
                [0.992789, -0.009013, 0.119537, 0.0, -0.019625, 0.971496, 0.236242, 0.05, -0.118259, -0.236884, 0.964314, 0.0, 0.0, 0.0, 0.0, 1.0],
                [0.998094, -0.004668, 0.061541, 0.0, -0.01008, 0.971419, 0.23716, 0.05, -0.060889, -0.237328, 0.96952, 0.0, 0.0, 0.0, 0.0, 1.0],
                [0.999998, -0.000185, 0.001747, 0.0, -0.000235, 0.971382, 0.237522, 0.05, -0.001741, -0.237522, 0.971381, 0.0, 0.0, 0.0, 0.0, 1.0],
                [0.998304, 0.004301, -0.058053, 0.0, 0.009614, 0.97139, 0.237295, 0.05, 0.057413, -0.237451, 0.969701, 0.0, 0.0, 0.0, 0.0, 1.0],
                [0.993203, 0.008657, -0.116071, 0.0, 0.019172, 0.97144, 0.236509, 0.05, 0.114803, -0.237127, 0.964672, 0.0, 0.0, 0.0, 0.0, 1.0],
                [0.985259, 0.012754, -0.170595, 0.0, 0.028158, 0.971526, 0.235254, 0.05, 0.168737, -0.23659, 0.956846, 0.0, 0.0, 0.0, 0.0, 1.0],
                [0.975348, 0.016472, -0.220057, 0.0, 0.036311, 0.971637, 0.233673, 0.05, 0.217664, -0.235903, 0.947086, 0.0, 0.0, 0.0, 0.0, 1.0],
                [0.964577, 0.019708, -0.263065, 0.0, 0.043403, 0.97176, 0.231945, 0.05, 0.260207, -0.235147, 0.936482, 0.0, 0.0, 0.0, 0.0, 1.0],
                [0.954179, 0.022367, -0.298398, 0.0, 0.04923, 0.97188, 0.230273, 0.05, 0.295158, -0.234412, 0.926247, 0.0, 0.0, 0.0, 0.0, 1.0],
                [0.945414, 0.024367, -0.32496, 0.0, 0.053612, 0.971982, 0.22886, 0.05, 0.321432, -0.233789, 0.917619, 0.0, 0.0, 0.0, 0.0, 1.0],
                [0.939456, 0.025629, -0.341709, 0.0, 0.056375, 0.972052, 0.227898, 0.05, 0.337999, -0.233364, 0.911755, 0.0, 0.0, 0.0, 0.0, 1.0],
                [0.937297, 0.02607, -0.347556, 0.0, 0.05734, 0.972077, 0.22755, 0.05, 0.343783, -0.23321, 0.90963, 0.0, 0.0, 0.0, 0.0, 1.0],
                [0.939055, 0.025711, -0.342803, 0.0, 0.056556, 0.972056, 0.227833, 0.05, 0.339082, -0.233336, 0.911361, 0.0, 0.0, 0.0, 0.0, 1.0],
                [0.943963, 0.024681, -0.329128, 0.0, 0.0543, 0.971999, 0.228625, 0.05, 0.325555, -0.233685, 0.916191, 0.0, 0.0, 0.0, 0.0, 1.0],
                [0.951322, 0.02304, -0.307335, 0.0, 0.050704, 0.971913, 0.229812, 0.05, 0.303998, -0.234209, 0.923435, -0.0, 0.0, 0.0, 0.0, 1.0],
                [0.960302, 0.020845, -0.278183, 0.0, 0.045896, 0.971809, 0.231258, 0.05, 0.275161, -0.234845, 0.932274, 0.0, 0.0, 0.0, 0.0, 1.0],
                [0.969995, 0.018156, -0.242448, 0.0, 0.040003, 0.971698, 0.232815, 0.05, 0.239813, -0.235528, 0.941816, 0.0, 0.0, 0.0, 0.0, 1.0],
                [0.979481, 0.015037, -0.200972, 0.0, 0.033165, 0.971591, 0.234334, 0.05, 0.198787, -0.236191, 0.951156, 0.0, 0.0, 0.0, 0.0, 1.0],
                [0.987894, 0.011559, -0.154701, 0.0, 0.025538, 0.971497, 0.235672, 0.05, 0.153016, -0.23677, 0.959441, 0.0, 0.0, 0.0, 0.0, 1.0],
                [0.994474, 0.007803, -0.104694, 0.0, 0.017298, 0.971427, 0.236707, 0.05, 0.103549, -0.23721, 0.965924, 0.0, 0.0, 0.0, 0.0, 1.0],
                [0.998633, 0.003856, -0.052124, 0.0, 0.008637, 0.971387, 0.237344, 0.05, 0.051548, -0.23747, 0.970026, 0.0, 0.0, 0.0, 0.0, 1.0],
                [0.999998, -0.000185, 0.001747, 0.0, -0.000235, 0.971382, 0.237522, 0.05, -0.001741, -0.237522, 0.971381, 0.0, 0.0, 0.0, 0.0, 1.0],
                [0.998443, -0.004224, 0.055613, 0.0, -0.009104, 0.971413, 0.237222, 0.05, -0.055025, -0.237359, 0.969862, 0.0, 0.0, 0.0, 0.0, 1.0],
                [0.994099, -0.008161, 0.108165, 0.0, -0.017754, 0.971478, 0.236466, 0.05, -0.10701, -0.236991, 0.9656, 0.0, 0.0, 0.0, 0.0, 1.0],
                [0.987344, -0.011903, 0.158145, 0.0, -0.025978, 0.971571, 0.235318, 0.05, -0.15645, -0.236448, 0.958966, 0.0, 0.0, 0.0, 0.0, 1.0],
                [0.978771, -0.015363, 0.204382, 0.0, -0.033585, 0.971687, 0.233875, 0.05, -0.202188, -0.235774, 0.950542, 0.0, 0.0, 0.0, 0.0, 1.0],
                [0.96914, -0.018462, 0.245819, 0.0, -0.0404, 0.971814, 0.232263, 0.05, -0.243178, -0.235026, 0.941078, 0.0, 0.0, 0.0, 0.0, 1.0],
                [0.959324, -0.02113, 0.281515, 0.0, -0.04627, 0.971942, 0.230625, 0.05, -0.278489, -0.23427, 0.93143, -0.0, 0.0, 0.0, 0.0, 1.0],
                [0.950245, -0.023305, 0.310631, 0.0, -0.051056, 0.97206, 0.229114, 0.05, -0.307291, -0.233574, 0.922505, 0.0, 0.0, 0.0, 0.0, 1.0],
                [0.942811, -0.02493, 0.332394, 0.0, -0.054634, 0.972156, 0.227878, 0.05, -0.32882, -0.233006, 0.915197, 0.0, 0.0, 0.0, 0.0, 1.0]
            ]
        },
        {
            "name": "Chest",
            "time": [0.0, 0.6],
            "transform": [
                [1.0, -0.0, -0.0, 0.0, -0.0, 1.0, -0.0, 0.3, -0.0, 0.0, 1.0, 0.0, 0.0, 0.0, 0.0, 1.0],
                [1.0, 0.0, -0.0, 0.0, -0.0, 1.0, -0.0, 0.3, 0.0, 0.0, 1.0, -0.0, 0.0, 0.0, 0.0, 1.0]
            ]
        },
        {
            "name": "Head",
            "time": [0.0, 0.0167, 0.0333, 0.05, 0.0667, 0.0833, 0.1, 0.1167, 0.1333, 0.15, 0.1667, 0.1833, 0.2, 0.2167, 0.2333, 0.25, 0.2667, 0.2833, 0.3, 0.3167, 0.3333, 0.35, 0.3667, 0.3833, 0.4, 0.4167, 0.4333, 0.45, 0.4667, 0.4833, 0.5, 0.5167, 0.5333, 0.55, 0.5667, 0.5833, 0.6],
            "transform": [
                [0.934605, -0.056914, -0.351105, 0.035755, -0.007712, 0.983641, -0.179976, 0.415291, 0.355605, 0.170914, 0.918876, -0.037252, 0.0, 0.0, 0.0, 1.0],
                [0.937078, -0.056092, -0.344584, 0.035333, -0.007372, 0.983609, -0.180162, 0.415292, 0.349042, 0.171366, 0.921305, -0.037049, 0.0, 0.0, 0.0, 1.0],
                [0.943883, -0.05373, -0.32588, 0.034131, -0.006394, 0.983521, -0.18068, 0.415294, 0.330218, 0.172625, 0.927985, -0.03647, 0.0, 0.0, 0.0, 1.0],
                [0.953834, -0.049959, -0.296149, 0.032247, -0.004832, 0.983387, -0.181457, 0.415297, 0.300295, 0.174511, 0.937747, -0.035562, 0.0, 0.0, 0.0, 1.0],
                [0.965504, -0.044897, -0.25649, 0.029777, -0.002736, 0.983219, -0.182406, 0.415301, 0.260375, 0.176816, 0.949179, -0.034373, 0.0, 0.0, 0.0, 1.0],
                [0.977349, -0.038671, -0.208072, 0.026821, -0.000157, 0.983032, -0.183435, 0.415306, 0.211635, 0.179312, 0.960759, -0.03295, 0.0, 0.0, 0.0, 1.0],
                [0.987843, -0.03143, -0.152247, 0.023474, 0.002843, 0.982838, -0.184449, 0.415312, 0.155431, 0.181773, 0.970979, -0.031338, 0.0, 0.0, 0.0, 1.0],
                [0.995614, -0.023359, -0.090601, 0.019836, 0.006187, 0.982651, -0.185361, 0.415318, 0.093359, 0.183987, 0.978485, -0.029586, 0.0, 0.0, 0.0, 1.0],
                [0.999581, -0.014682, -0.024967, 0.016002, 0.009783, 0.982482, -0.186098, 0.415324, 0.027262, 0.185775, 0.982214, -0.02774, 0.0, 0.0, 0.0, 1.0],
                [0.999075, -0.005657, 0.042623, 0.01207, 0.013524, 0.982341, -0.186607, 0.41533, -0.040815, 0.187011, 0.98151, -0.025847, 0.0, 0.0, 0.0, 1.0],
                [0.993922, 0.003435, 0.110039, 0.008139, 0.017293, 0.982234, -0.186863, 0.415337, -0.108726, 0.18763, 0.976204, -0.023954, 0.0, 0.0, 0.0, 1.0],
                [0.984462, 0.012307, 0.175168, 0.004305, 0.020971, 0.982162, -0.186867, 0.415344, -0.174343, 0.187636, 0.966643, -0.022107, 0.0, 0.0, 0.0, 1.0],
                [0.971525, 0.020678, 0.236033, 0.000667, 0.024443, 0.982123, -0.186647, 0.415349, -0.235673, 0.187102, 0.953651, -0.020355, 0.0, 0.0, 0.0, 1.0],
                [0.956339, 0.028291, 0.290887, -0.00268, 0.0276, 0.982113, -0.186258, 0.415355, -0.290953, 0.186154, 0.938453, -0.018744, 0.0, 0.0, 0.0, 1.0],
                [0.940409, 0.034919, 0.338248, -0.005636, 0.030349, 0.982125, -0.185769, 0.41536, -0.338688, 0.184964, 0.922539, -0.01732, 0.0, 0.0, 0.0, 1.0],
                [0.925379, 0.040367, 0.376888, -0.008106, 0.032609, 0.982149, -0.185259, 0.415364, -0.377638, 0.183725, 0.907543, -0.016131, 0.0, 0.0, 0.0, 1.0],
                [0.912899, 0.044461, 0.405758, -0.00999, 0.034308, 0.982175, -0.18481, 0.415367, -0.406743, 0.182634, 0.895101, -0.015223, 0.0, 0.0, 0.0, 1.0],
                [0.904497, 0.047042, 0.423878, -0.011192, 0.035379, 0.982196, -0.184498, 0.41537, -0.42501, 0.181874, 0.886729, -0.014644, 0.0, 0.0, 0.0, 1.0],
                [0.901466, 0.047943, 0.430187, -0.011615, 0.035752, 0.982204, -0.184383, 0.41537, -0.431371, 0.181595, 0.883709, -0.014441, 0.0, 0.0, 0.0, 1.0],
                [0.904489, 0.047311, 0.423865, -0.011368, 0.035113, 0.982194, -0.184557, 0.41537, -0.425049, 0.181813, 0.886723, -0.014445, 0.0, 0.0, 0.0, 1.0],
                [0.91287, 0.045477, 0.405709, -0.010653, 0.033302, 0.982169, -0.185024, 0.41537, -0.406889, 0.182414, 0.895079, -0.014472, 0.0, 0.0, 0.0, 1.0],
                [0.925324, 0.042522, 0.376786, -0.009503, 0.030474, 0.982138, -0.185678, 0.41537, -0.377951, 0.183295, 0.9075, -0.014547, 0.0, 0.0, 0.0, 1.0],
                [0.940328, 0.038522, 0.338082, -0.007955, 0.026782, 0.98211, -0.186393, 0.415369, -0.339214, 0.184325, 0.922474, -0.014691, 0.0, 0.0, 0.0, 1.0],
                [0.95624, 0.033558, 0.290652, -0.006044, 0.022385, 0.982098, -0.187036, 0.415368, -0.291725, 0.185357, 0.93837, -0.01493, 0.0, 0.0, 0.0, 1.0],
                [0.971423, 0.027728, 0.23573, -0.003806, 0.017463, 0.982112, -0.187485, 0.415367, -0.236711, 0.186244, 0.953562, -0.015286, 0.0, 0.0, 0.0, 1.0],
                [0.984377, 0.021155, 0.174799, -0.001274, 0.012213, 0.982162, -0.187642, 0.415366, -0.17565, 0.186845, 0.966559, -0.015783, 0.0, 0.0, 0.0, 1.0],
                [0.993876, 0.013983, 0.10961, 0.001514, 0.006853, 0.982252, -0.187441, 0.415363, -0.110286, 0.187044, 0.976141, -0.016444, 0.0, 0.0, 0.0, 1.0],
                [0.999091, 0.006377, 0.042143, 0.004524, 0.001611, 0.982385, -0.186862, 0.41536, -0.042592, 0.18676, 0.981482, -0.017293, 0.0, 0.0, 0.0, 1.0],
                [0.999674, -0.001484, -0.025489, 0.00772, -0.003282, 0.982557, -0.185934, 0.415356, 0.025321, 0.185957, 0.982232, -0.018352, 0.0, 0.0, 0.0, 1.0],
                [0.995793, -0.009426, -0.091152, 0.011067, -0.007607, 0.982759, -0.184732, 0.415352, 0.091322, 0.184648, 0.978553, -0.019647, 0.0, 0.0, 0.0, 1.0],
                [0.988104, -0.017286, -0.152813, 0.01453, -0.011163, 0.98298, -0.183373, 0.415347, 0.153381, 0.182897, 0.971094, -0.0212, 0.0, 0.0, 0.0, 1.0],
                [0.977677, -0.024924, -0.208632, 0.018073, -0.013773, 0.983202, -0.181998, 0.41534, 0.209664, 0.180809, 0.960911, -0.023034, 0.0, 0.0, 0.0, 1.0],
                [0.965869, -0.03223, -0.257017, 0.021661, -0.015287, 0.983407, -0.180765, 0.415333, 0.258579, 0.178524, 0.949351, -0.025174, 0.0, 0.0, 0.0, 1.0],
                [0.954197, -0.039126, -0.296611, 0.025259, -0.015569, 0.983575, -0.179827, 0.415324, 0.298775, 0.176208, 0.937915, -0.027642, 0.0, 0.0, 0.0, 1.0],
                [0.94419, -0.04556, -0.326236, 0.028831, -0.014493, 0.983684, -0.17932, 0.415314, 0.329083, 0.174041, 0.928124, -0.030462, 0.0, 0.0, 0.0, 1.0],
                [0.937267, -0.051499, -0.344789, 0.032341, -0.011926, 0.983713, -0.179351, 0.415303, 0.34841, 0.172212, 0.921387, -0.033658, 0.0, 0.0, 0.0, 1.0],
                [0.934605, -0.056914, -0.351105, 0.035755, -0.007712, 0.983641, -0.179976, 0.415291, 0.355605, 0.170914, 0.918876, -0.037252, 0.0, 0.0, 0.0, 1.0]
            ]
        },
        {
            "name": "Shoulder_R",
            "time": [0.0, 0.6],
            "transform": [
                [0.0, 0.952114, 0.305743, -0.0, 0.0, -0.305743, 0.952114, 0.4, 1.0, -0.0, -0.0, -0.0, 0.0, 0.0, 0.0, 1.0],
                [0.0, 0.952114, 0.305743, -0.0, 0.0, -0.305743, 0.952114, 0.4, 1.0, 0.0, -0.0, 0.0, 0.0, 0.0, 0.0, 1.0]
            ]
        },
        {
            "name": "Arm_R",
            "time": [0.0, 0.0167, 0.0333, 0.05, 0.0667, 0.0833, 0.1, 0.1167, 0.1333, 0.15, 0.1667, 0.1833, 0.2, 0.2167, 0.2333, 0.25, 0.2667, 0.2833, 0.3, 0.3167, 0.3333, 0.35, 0.3667, 0.3833, 0.4, 0.4167, 0.4333, 0.45, 0.4667, 0.4833, 0.5, 0.5167, 0.5333, 0.55, 0.5667, 0.5833, 0.6],
            "transform": [
                [0.319782, 0.603031, -0.730817, 0.145505, 0.920323, -0.014308, 0.390898, 0.426878, 0.225267, -0.797589, -0.559559, -0.064539, 0.0, 0.0, 0.0, 1.0],
                [0.314575, 0.597757, -0.73738, 0.143256, 0.920545, -0.002575, 0.390629, 0.426448, 0.231602, -0.801673, -0.551072, -0.06354, 0.0, 0.0, 0.0, 1.0],
                [0.299841, 0.581213, -0.756497, 0.136853, 0.921031, 0.030272, 0.388312, 0.425223, 0.248593, -0.813189, -0.526238, -0.060699, 0.0, 0.0, 0.0, 1.0],
                [0.277, 0.551401, -0.78691, 0.126816, 0.921096, 0.080806, 0.380857, 0.423304, 0.273593, -0.830317, -0.48551, -0.056244, 0.0, 0.0, 0.0, 1.0],
                [0.247579, 0.505462, -0.826567, 0.113664, 0.919863, 0.145259, 0.364352, 0.420788, 0.304232, -0.850534, -0.428992, -0.050406, 0.0, 0.0, 0.0, 1.0],
                [0.21317, 0.440163, -0.872248, 0.097917, 0.916621, 0.218918, 0.334487, 0.417777, 0.33818, -0.870822, -0.356796, -0.043417, 0.0, 0.0, 0.0, 1.0],
                [0.175316, 0.352542, -0.919227, 0.080093, 0.911124, 0.295631, 0.287151, 0.414368, 0.372985, -0.887872, -0.269381, -0.035506, 0.0, 0.0, 0.0, 1.0],
                [0.135267, 0.240709, -0.961126, 0.060712, 0.903796, 0.367538, 0.219247, 0.410661, 0.406025, -0.898318, -0.167836, -0.026904, 0.0, 0.0, 0.0, 1.0],
                [0.093626, 0.104778, -0.990079, 0.040292, 0.895765, 0.425186, 0.129704, 0.406756, 0.434557, -0.899021, -0.054048, -0.017841, 0.0, 0.0, 0.0, 1.0],
                [0.049944, -0.052203, -0.997387, 0.019353, 0.888641, 0.458145, 0.020519, 0.402752, 0.455877, -0.887343, 0.069272, -0.008547, 0.0, 0.0, 0.0, 1.0],
                [0.002426, -0.223552, -0.974689, -0.001585, 0.883971, 0.456185, -0.102429, 0.398747, 0.467537, -0.861347, 0.19872, 0.000746, 0.0, 0.0, 0.0, 1.0],
                [-0.051364, -0.398655, -0.915662, -0.022005, 0.881765, 0.412371, -0.228998, 0.394842, 0.468884, -0.819161, 0.330339, 0.009809, 0.0, 0.0, 0.0, 1.0],
                [-0.110887, -0.561272, -0.820169, -0.041386, 0.878578, 0.33039, -0.344882, 0.391135, 0.464548, -0.758825, 0.456485, 0.018412, 0.0, 0.0, 0.0, 1.0],
                [-0.172684, -0.695615, -0.697352, -0.05921, 0.871414, 0.222137, -0.43737, 0.387726, 0.459149, -0.683209, 0.567809, 0.026323, 0.0, 0.0, 0.0, 1.0],
                [-0.231801, -0.792953, -0.563466, -0.074958, 0.859594, 0.104187, -0.500243, 0.384715, 0.455375, -0.600309, 0.657467, 0.033312, 0.0, 0.0, 0.0, 1.0],
                [-0.283331, -0.853726, -0.436893, -0.088109, 0.844779, -0.006537, -0.535076, 0.382199, 0.453952, -0.520682, 0.723062, 0.03915, 0.0, 0.0, 0.0, 1.0],
                [-0.323461, -0.885504, -0.333549, -0.098146, 0.83011, -0.096351, -0.549213, 0.38028, 0.454193, -0.454531, 0.766231, 0.043604, 0.0, 0.0, 0.0, 1.0],
                [-0.349469, -0.898635, -0.265193, -0.104549, 0.819123, -0.155617, -0.552106, 0.379055, 0.454873, -0.410169, 0.790476, 0.046446, 0.0, 0.0, 0.0, 1.0],
                [-0.358833, -0.901855, -0.240617, -0.106798, 0.814927, -0.177005, -0.551873, 0.378625, 0.455119, -0.394116, 0.798461, 0.047444, 0.0, 0.0, 0.0, 1.0],
                [-0.351387, -0.899387, -0.26006, -0.105183, 0.818257, -0.160041, -0.552126, 0.379841, 0.454954, -0.406806, 0.792165, 0.044164, 0.0, 0.0, 0.0, 1.0],
                [-0.330566, -0.889781, -0.314669, -0.100525, 0.827175, -0.112608, -0.550546, 0.383131, 0.454431, -0.442278, 0.773229, 0.035327, 0.0, 0.0, 0.0, 1.0],
                [-0.298181, -0.867311, -0.398573, -0.093106, 0.839596, -0.039687, -0.54176, 0.38796, 0.454056, -0.496183, 0.740024, 0.022439, 0.0, 0.0, 0.0, 1.0],
                [-0.256006, -0.824667, -0.504366, -0.083206, 0.853074, 0.052673, -0.519126, 0.393793, 0.454672, -0.56316, 0.690017, 0.00701, 0.0, 0.0, 0.0, 1.0],
                [-0.206359, -0.755263, -0.622088, -0.071107, 0.865207, 0.156083, -0.476504, 0.400093, 0.456984, -0.636566, 0.621249, -0.009457, 0.0, 0.0, 0.0, 1.0],
                [-0.152338, -0.655788, -0.739416, -0.05709, 0.874199, 0.2596, -0.410346, 0.406326, 0.461052, -0.708908, 0.533742, -0.025451, 0.0, 0.0, 0.0, 1.0],
                [-0.097521, -0.528243, -0.843474, -0.041436, 0.879462, 0.350984, -0.321493, 0.411955, 0.465872, -0.773156, 0.430341, -0.039469, 0.0, 0.0, 0.0, 1.0],
                [-0.04521, -0.380305, -0.923756, -0.024428, 0.881947, 0.419096, -0.215704, 0.416446, 0.469175, -0.824455, 0.316461, -0.050001, 0.0, 0.0, 0.0, 1.0],
                [0.002426, -0.223552, -0.974689, -0.006345, 0.88397, 0.456185, -0.102429, 0.419262, 0.467537, -0.861347, 0.19872, -0.055542, 0.0, 0.0, 0.0, 1.0],
                [0.045121, -0.069405, -0.996568, 0.012503, 0.888135, 0.45951, 0.00821, 0.420927, 0.457363, -0.885457, 0.082374, -0.057853, 0.0, 0.0, 0.0, 1.0],
                [0.084721, 0.074318, -0.99363, 0.031693, 0.894523, 0.433606, 0.108702, 0.422336, 0.438922, -0.898033, -0.029744, -0.059731, 0.0, 0.0, 0.0, 1.0],
                [0.122698, 0.202167, -0.971635, 0.050776, 0.901929, 0.385778, 0.194164, 0.423508, 0.414088, -0.900169, -0.135006, -0.061219, 0.0, 0.0, 0.0, 1.0],
                [0.159565, 0.311097, -0.936888, 0.0693, 0.909049, 0.323752, 0.262327, 0.424466, 0.384928, -0.893535, -0.231143, -0.062364, 0.0, 0.0, 0.0, 1.0],
                [0.195038, 0.400174, -0.895445, 0.086815, 0.914858, 0.254874, 0.313169, 0.42523, 0.353547, -0.880284, -0.316392, -0.063211, 0.0, 0.0, 0.0, 1.0],
                [0.228284, 0.470093, -0.852584, 0.102872, 0.91881, 0.18559, 0.348346, 0.425819, 0.321986, -0.862885, -0.389558, -0.063804, 0.0, 0.0, 0.0, 1.0],
                [0.258172, 0.522618, -0.812538, 0.117019, 0.920868, 0.121212, 0.370555, 0.426255, 0.292148, -0.843907, -0.449968, -0.064188, 0.0, 0.0, 0.0, 1.0],
                [0.283463, 0.560035, -0.778467, 0.128806, 0.92141, 0.065947, 0.382955, 0.426559, 0.265806, -0.82584, -0.497328, -0.064409, 0.0, 0.0, 0.0, 1.0],
                [0.302926, 0.584681, -0.752586, 0.137783, 0.921072, 0.023119, 0.388706, 0.42675, 0.244668, -0.810934, -0.531529, -0.064511, 0.0, 0.0, 0.0, 1.0]
            ]
        },
        {
            "name": "Hand_R",
            "time": [0.0, 0.6],
            "transform": [
                [1.0, 0.0, 0.0, -0.0, -0.0, 0.993938, 0.109947, 0.3, -0.0, -0.109947, 0.993938, -0.0, 0.0, 0.0, 0.0, 1.0],
                [1.0, 0.0, 0.0, 0.0, -0.0, 0.993938, 0.109947, 0.3, -0.0, -0.109947, 0.993937, -0.0, 0.0, 0.0, 0.0, 1.0]
            ]
        },
        {
            "name": "Tool_R",
            "time": [0.0, 0.0167, 0.0333, 0.05, 0.0667, 0.0833, 0.1, 0.1167, 0.1333, 0.15, 0.1667, 0.1833, 0.2, 0.2167, 0.2333, 0.25, 0.2667, 0.2833, 0.3, 0.3167, 0.3333, 0.35, 0.3667, 0.3833, 0.4, 0.4167, 0.4333, 0.45, 0.4667, 0.4833, 0.5, 0.5167, 0.5333, 0.55, 0.5667, 0.5833, 0.6],
            "transform": [
                [1.0, 0.0, 0.0, -0.0, 0.0, -0.856822, 0.515613, 0.272858, 0.0, -0.515612, -0.856822, -0.0, 0.0, 0.0, 0.0, 1.0],
                [1.0, -1e-06, 3e-06, -0.0, -2e-06, -0.859173, 0.511685, 0.272858, 2e-06, -0.511685, -0.859174, -0.0, 0.0, 0.0, 0.0, 1.0],
                [1.0, -3e-06, 1.1e-05, -0.0, -8e-06, -0.865776, 0.500432, 0.272858, 8e-06, -0.500432, -0.865777, -0.0, 0.0, 0.0, 0.0, 1.0],
                [1.0, -8e-06, 2.3e-05, -0.0, -1.8e-05, -0.875855, 0.482574, 0.272858, 1.7e-05, -0.482574, -0.875855, -0.0, 0.0, 0.0, 0.0, 1.0],
                [1.0, -1.4e-05, 3.9e-05, 0.0, -3e-05, -0.888546, 0.458788, 0.272858, 2.9e-05, -0.458788, -0.888546, -0.0, 0.0, 0.0, 0.0, 1.0],
                [1.0, -2.2e-05, 5.8e-05, -0.0, -4.5e-05, -0.902946, 0.429755, 0.272858, 4.3e-05, -0.429755, -0.902946, 0.0, 0.0, 0.0, 0.0, 1.0],
                [1.0, -3.1e-05, 8e-05, -0.0, -6e-05, -0.918157, 0.396218, 0.272858, 6.1e-05, -0.396218, -0.918157, 0.0, 0.0, 0.0, 0.0, 1.0],
                [1.0, -4.3e-05, 0.000103, 0.0, -7.7e-05, -0.933337, 0.359003, 0.272858, 8e-05, -0.359003, -0.933337, -0.0, 0.0, 0.0, 0.0, 1.0],
                [1.0, -5.6e-05, 0.000126, -0.0, -9.3e-05, -0.947741, 0.319042, 0.272858, 0.000102, -0.319042, -0.947741, -0.0, 0.0, 0.0, 0.0, 1.0],
                [1.0, -7.1e-05, 0.00015, 0.0, -0.000109, -0.960764, 0.277368, 0.272858, 0.000125, -0.277369, -0.960764, 0.0, 0.0, 0.0, 0.0, 1.0],
                [1.0, -8.6e-05, 0.000173, 0.0, -0.000124, -0.97197, 0.235105, 0.272858, 0.000148, -0.235105, -0.971971, -0.0, 0.0, 0.0, 0.0, 1.0],
                [1.0, -0.000102, 0.000195, -0.0, -0.000138, -0.981113, 0.193435, 0.272858, 0.000172, -0.193435, -0.981113, -0.0, 0.0, 0.0, 0.0, 1.0],
                [1.0, -0.000118, 0.000215, -0.0, -0.00015, -0.988138, 0.153573, 0.272858, 0.000194, -0.153573, -0.988138, -0.0, 0.0, 0.0, 0.0, 1.0],
                [1.0, -0.000134, 0.000233, 0.0, -0.00016, -0.993163, 0.116733, 0.272858, 0.000216, -0.116733, -0.993164, 0.0, 0.0, 0.0, 0.0, 1.0],
                [1.0, -0.000148, 0.000248, -0.0, -0.000169, -0.996457, 0.084105, 0.272858, 0.000235, -0.084105, -0.996457, 0.0, 0.0, 0.0, 0.0, 1.0],
                [1.0, -0.000161, 0.000261, -0.0, -0.000175, -0.998384, 0.056836, 0.272858, 0.000251, -0.056836, -0.998384, 0.0, 0.0, 0.0, 0.0, 1.0],
