{
    "animation": [
        {
            "name": "Root",
            "time": [0.0, 0.0167, 0.0333, 0.05, 0.0667, 0.0833, 0.1, 0.1167, 0.1333, 0.15, 0.1667, 0.1833, 0.2, 0.2167, 0.2333, 0.25, 0.2667, 0.2833, 0.3, 0.3167, 0.3333, 0.35, 0.3667, 0.3833, 0.4, 0.4167, 0.4333, 0.45, 0.4667, 0.4833, 0.5, 0.5167, 0.5333, 0.55, 0.5667, 0.5833, 0.6],
            "transform": [
                [1.0, 0.0, 0.0, -5e-06, 0.0, 0.087156, -0.996195, 0.000946, 0.0, 0.996195, 0.087156, 0.643972, 0.0, 0.0, 0.0, 1.0],
                [1.0, 0.0, 0.0, -5e-06, 0.0, 0.087156, -0.996195, 0.000946, 0.0, 0.996195, 0.087156, 0.650417, 0.0, 0.0, 0.0, 1.0],
                [1.0, 0.0, 0.0, -5e-06, 0.0, 0.087156, -0.996195, 0.000946, 0.0, 0.996195, 0.087156, 0.667409, 0.0, 0.0, 0.0, 1.0],
                [1.0, 0.0, 0.0, -5e-06, 0.0, 0.087156, -0.996195, 0.000946, 0.0, 0.996195, 0.087156, 0.691433, 0.0, 0.0, 0.0, 1.0],
                [1.0, 0.0, 0.0, -5e-06, 0.0, 0.087156, -0.996195, 0.000946, 0.0, 0.996195, 0.087156, 0.718972, 0.0, 0.0, 0.0, 1.0],
                [1.0, 0.0, 0.0, -5e-06, 0.0, 0.087156, -0.996195, 0.000946, 0.0, 0.996195, 0.087156, 0.746511, 0.0, 0.0, 0.0, 1.0],
                [1.0, 0.0, 0.0, -5e-06, 0.0, 0.087156, -0.996195, 0.000946, 0.0, 0.996195, 0.087156, 0.770534, 0.0, 0.0, 0.0, 1.0],
                [1.0, 0.0, 0.0, -5e-06, 0.0, 0.087156, -0.996195, 0.000946, 0.0, 0.996195, 0.087156, 0.787526, 0.0, 0.0, 0.0, 1.0],
                [1.0, 0.0, 0.0, -5e-06, 0.0, 0.087156, -0.996195, 0.000946, 0.0, 0.996195, 0.087156, 0.793972, 0.0, 0.0, 0.0, 1.0],
                [1.0, 0.0, 0.0, -5e-06, 0.0, 0.087156, -0.996195, 0.000946, 0.0, 0.996195, 0.087156, 0.789748, 0.0, 0.0, 0.0, 1.0],
                [1.0, 0.0, 0.0, -5e-06, 0.0, 0.087156, -0.996195, 0.000946, 0.0, 0.996195, 0.087156, 0.778285, 0.0, 0.0, 0.0, 1.0],
                [1.0, 0.0, 0.0, -5e-06, 0.0, 0.087156, -0.996195, 0.000946, 0.0, 0.996195, 0.087156, 0.761392, 0.0, 0.0, 0.0, 1.0],
                [1.0, 0.0, 0.0, -5e-06, 0.0, 0.087156, -0.996195, 0.000946, 0.0, 0.996195, 0.087156, 0.740878, 0.0, 0.0, 0.0, 1.0],
                [1.0, 0.0, 0.0, -5e-06, 0.0, 0.087156, -0.996195, 0.000946, 0.0, 0.996195, 0.087156, 0.718555, 0.0, 0.0, 0.0, 1.0],
                [1.0, 0.0, 0.0, -5e-06, 0.0, 0.087156, -0.996195, 0.000946, 0.0, 0.996195, 0.087156, 0.696232, 0.0, 0.0, 0.0, 1.0],
                [1.0, 0.0, 0.0, -5e-06, 0.0, 0.087156, -0.996195, 0.000946, 0.0, 0.996195, 0.087156, 0.675719, 0.0, 0.0, 0.0, 1.0],
                [1.0, 0.0, 0.0, -5e-06, 0.0, 0.087156, -0.996195, 0.000946, 0.0, 0.996195, 0.087156, 0.658826, 0.0, 0.0, 0.0, 1.0],
                [1.0, 0.0, 0.0, -5e-06, 0.0, 0.087156, -0.996195, 0.000946, 0.0, 0.996195, 0.087156, 0.647362, 0.0, 0.0, 0.0, 1.0],
                [1.0, 0.0, 0.0, -5e-06, 0.0, 0.087156, -0.996195, 0.000946, 0.0, 0.996195, 0.087156, 0.643139, 0.0, 0.0, 0.0, 1.0],
                [1.0, 0.0, 0.0, -5e-06, 0.0, 0.087156, -0.996195, 0.000946, 0.0, 0.996195, 0.087156, 0.648398, 0.0, 0.0, 0.0, 1.0],
                [1.0, 0.0, 0.0, -5e-06, 0.0, 0.087156, -0.996195, 0.000946, 0.0, 0.996195, 0.087156, 0.662492, 0.0, 0.0, 0.0, 1.0],
                [1.0, 0.0, 0.0, -5e-06, 0.0, 0.087156, -0.996195, 0.000946, 0.0, 0.996195, 0.087156, 0.682896, 0.0, 0.0, 0.0, 1.0],
                [1.0, 0.0, 0.0, -5e-06, 0.0, 0.087156, -0.996195, 0.000946, 0.0, 0.996195, 0.087156, 0.707087, 0.0, 0.0, 0.0, 1.0],
                [1.0, 0.0, 0.0, -5e-06, 0.0, 0.087156, -0.996195, 0.000946, 0.0, 0.996195, 0.087156, 0.73254, 0.0, 0.0, 0.0, 1.0],
                [1.0, 0.0, 0.0, -5e-06, 0.0, 0.087156, -0.996195, 0.000946, 0.0, 0.996195, 0.087156, 0.75673, 0.0, 0.0, 0.0, 1.0],
                [1.0, 0.0, 0.0, -5e-06, 0.0, 0.087156, -0.996195, 0.000946, 0.0, 0.996195, 0.087156, 0.777135, 0.0, 0.0, 0.0, 1.0],
                [1.0, 0.0, 0.0, -5e-06, 0.0, 0.087156, -0.996195, 0.000946, 0.0, 0.996195, 0.087156, 0.791228, 0.0, 0.0, 0.0, 1.0],
                [1.0, 0.0, 0.0, -5e-06, 0.0, 0.087156, -0.996195, 0.000946, 0.0, 0.996195, 0.087156, 0.796487, 0.0, 0.0, 0.0, 1.0],
                [1.0, 0.0, 0.0, -5e-06, 0.0, 0.087156, -0.996195, 0.000946, 0.0, 0.996195, 0.087156, 0.792935, 0.0, 0.0, 0.0, 1.0],
                [1.0, 0.0, 0.0, -5e-06, 0.0, 0.087156, -0.996195, 0.000946, 0.0, 0.996195, 0.087156, 0.783195, 0.0, 0.0, 0.0, 1.0],
                [1.0, 0.0, 0.0, -5e-06, 0.0, 0.087156, -0.996195, 0.000946, 0.0, 0.996195, 0.087156, 0.768643, 0.0, 0.0, 0.0, 1.0],
                [1.0, 0.0, 0.0, -5e-06, 0.0, 0.087156, -0.996195, 0.000946, 0.0, 0.996195, 0.087156, 0.750652, 0.0, 0.0, 0.0, 1.0],
                [1.0, 0.0, 0.0, -5e-06, 0.0, 0.087156, -0.996195, 0.000946, 0.0, 0.996195, 0.087156, 0.7306, 0.0, 0.0, 0.0, 1.0],
                [1.0, 0.0, 0.0, -5e-06, 0.0, 0.087156, -0.996195, 0.000946, 0.0, 0.996195, 0.087156, 0.709859, 0.0, 0.0, 0.0, 1.0],
                [1.0, 0.0, 0.0, -5e-06, 0.0, 0.087156, -0.996195, 0.000946, 0.0, 0.996195, 0.087156, 0.689807, 0.0, 0.0, 0.0, 1.0],
                [1.0, 0.0, 0.0, -5e-06, 0.0, 0.087156, -0.996195, 0.000946, 0.0, 0.996195, 0.087156, 0.671816, 0.0, 0.0, 0.0, 1.0],
                [1.0, 0.0, 0.0, -5e-06, 0.0, 0.087156, -0.996195, 0.000946, 0.0, 0.996195, 0.087156, 0.657264, 0.0, 0.0, 0.0, 1.0]
            ]
        },
        {
            "name": "Thigh_R",
            "time": [0.0, 0.0167, 0.0333, 0.05, 0.0667, 0.0833, 0.1, 0.1167, 0.1333, 0.15, 0.1667, 0.1833, 0.2, 0.2167, 0.2333, 0.25, 0.2667, 0.2833, 0.3, 0.3167, 0.3333, 0.35, 0.3667, 0.3833, 0.4, 0.4167, 0.4333, 0.45, 0.4667, 0.4833, 0.5, 0.5167, 0.5333, 0.55, 0.5667, 0.5833, 0.6],
            "transform": [
                [1.0, -0.0, -0.0, 0.124994, -0.0, -0.81915, 0.573577, 0.077169, -0.0, -0.573576, -0.819152, -0.100012, 0.0, 0.0, 0.0, 1.0],
                [1.0, -0.0, -0.0, 0.124994, -0.0, -0.824842, 0.56536, 0.076456, -0.0, -0.565359, -0.824844, -0.098229, 0.0, 0.0, 0.0, 1.0],
                [1.0, -0.0, -0.0, 0.124994, -0.0, -0.840775, 0.541382, 0.074426, -0.0, -0.54138, -0.840778, -0.093153, 0.0, 0.0, 0.0, 1.0],
                [1.0, -0.0, -0.0, 0.124994, -0.0, -0.864765, 0.502173, 0.071243, -0.0, -0.502172, -0.864767, -0.085197, 0.0, 0.0, 0.0, 1.0],
                [1.0, -0.0, -0.0, 0.124994, -0.0, -0.894062, 0.44794, 0.067073, -0.0, -0.447939, -0.894064, -0.074772, 0.0, 0.0, 0.0, 1.0],
                [1.0, -0.0, -0.0, 0.124994, -0.0, -0.92542, 0.378937, 0.06208, -0.0, -0.378936, -0.925423, -0.062289, 0.0, 0.0, 0.0, 1.0],
                [1.0, -0.0, -0.0, 0.124994, -0.0, -0.955231, 0.295854, 0.056429, -0.0, -0.295853, -0.955234, -0.04816, 0.0, 0.0, 0.0, 1.0],
                [1.0, -0.0, -0.0, 0.124994, -0.0, -0.979768, 0.200128, 0.050283, -0.0, -0.200128, -0.97977, -0.032796, 0.0, 0.0, 0.0, 1.0],
                [1.0, -0.0, -0.0, 0.124994, -0.0, -0.995555, 0.094155, 0.043809, -0.0, -0.094155, -0.995558, -0.01661, 0.0, 0.0, 0.0, 1.0],
                [1.0, -0.0, -0.0, 0.124994, -0.0, -0.999823, -0.01871, 0.037169, -0.0, 0.01871, -0.999825, -1.2e-05, 0.0, 0.0, 0.0, 1.0],
                [1.0, -0.0, -0.0, 0.124994, -0.0, -0.990928, -0.13438, 0.03053, -0.0, 0.13438, -0.99093, 0.016586, 0.0, 0.0, 0.0, 1.0],
                [1.0, -0.0, -0.0, 0.124994, -0.0, -0.968638, -0.248468, 0.024055, 0.0, 0.248467, -0.968641, 0.032773, 0.0, 0.0, 0.0, 1.0],
                [1.0, -0.0, -0.0, 0.124994, -0.0, -0.934169, -0.356826, 0.01791, 0.0, 0.356825, -0.934171, 0.048136, 0.0, 0.0, 0.0, 1.0],
                [1.0, -0.0, -0.0, 0.124994, -0.0, -0.889964, -0.456027, 0.012258, 0.0, 0.456026, -0.889966, 0.062265, 0.0, 0.0, 0.0, 1.0],
                [1.0, -0.0, -0.0, 0.124994, -0.0, -0.839292, -0.543678, 0.007265, 0.0, 0.543677, -0.839295, 0.074748, 0.0, 0.0, 0.0, 1.0],
                [1.0, -0.0, -0.0, 0.124994, -0.0, -0.78579, -0.618492, 0.003095, 0.0, 0.61849, -0.785792, 0.085173, 0.0, 0.0, 0.0, 1.0],
                [1.0, -0.0, -0.0, 0.124994, -0.0, -0.733062, -0.680161, -8.7e-05, 0.0, 0.680159, -0.733064, 0.093129, 0.0, 0.0, 0.0, 1.0],
                [1.0, -0.0, -0.0, 0.124994, -0.0, -0.684422, -0.729085, -0.002117, 0.0, 0.729083, -0.684424, 0.098205, 0.0, 0.0, 0.0, 1.0],
                [1.0, -0.0, -0.0, 0.124994, -0.0, -0.642787, -0.766044, -0.002831, 0.0, 0.766043, -0.642788, 0.099988, 0.0, 0.0, 0.0, 1.0],
                [1.0, -0.0, -0.0, 0.124994, -0.0, -0.607263, -0.7945, 0.002313, 0.0, 0.794499, -0.607264, 0.086957, 0.0, 0.0, 0.0, 1.0],
                [1.0, -0.0, -0.0, 0.124994, -0.0, -0.579808, -0.814753, 0.016099, 0.0, 0.814751, -0.579809, 0.052032, 0.0, 0.0, 0.0, 1.0],
                [1.0, -0.0, -0.0, 0.124994, -0.0, -0.568693, -0.822549, 0.036058, 0.0, 0.822548, -0.568694, 0.00147, 0.0, 0.0, 0.0, 1.0],
                [1.0, -0.0, -0.0, 0.124994, -0.0, -0.636644, -0.771157, 0.059721, 0.0, 0.771156, -0.636645, -0.058475, 0.0, 0.0, 0.0, 1.0],
                [1.0, -0.0, -0.0, 0.124994, -0.0, -0.795323, -0.606184, 0.084618, 0.0, 0.606183, -0.795325, -0.121548, 0.0, 0.0, 0.0, 1.0],
                [1.0, -0.0, 0.0, 0.124994, -0.0, -0.948255, -0.317503, 0.10828, 0.0, 0.317503, -0.948258, -0.181493, 0.0, 0.0, 0.0, 1.0],
                [1.0, -0.0, 0.0, 0.124994, -0.0, -0.99959, 0.02854, 0.128239, 0.0, -0.02854, -0.999593, -0.232056, 0.0, 0.0, 0.0, 1.0],
                [1.0, -0.0, 0.0, 0.124994, -0.0, -0.951931, 0.306308, 0.142025, 0.0, -0.306307, -0.951933, -0.26698, 0.0, 0.0, 0.0, 1.0],
                [1.0, -0.0, 0.0, 0.124994, -0.0, -0.899894, 0.436104, 0.147169, -0.0, -0.436103, -0.899897, -0.280012, 0.0, 0.0, 0.0, 1.0],
                [1.0, -0.0, 0.0, 0.124994, -0.0, -0.879601, 0.475709, 0.145539, -0.0, -0.475708, -0.879603, -0.27582, 0.0, 0.0, 0.0, 1.0],
                [1.0, -0.0, 0.0, 0.124994, -0.0, -0.862418, 0.506194, 0.141069, -0.0, -0.506193, -0.86242, -0.264324, 0.0, 0.0, 0.0, 1.0],
                [1.0, -0.0, 0.0, 0.124994, -0.0, -0.848516, 0.529167, 0.134389, -0.0, -0.529166, -0.848518, -0.247149, 0.0, 0.0, 0.0, 1.0],
                [1.0, -0.0, 0.0, 0.124994, -0.0, -0.83779, 0.545989, 0.126133, -0.0, -0.545988, -0.837793, -0.225917, 0.0, 0.0, 0.0, 1.0],
                [1.0, -0.0, -0.0, 0.124994, -0.0, -0.829958, 0.557823, 0.116929, -0.0, -0.557822, -0.82996, -0.202251, 0.0, 0.0, 0.0, 1.0],
                [1.0, -0.0, -0.0, 0.124994, -0.0, -0.824629, 0.565671, 0.10741, -0.0, -0.56567, -0.824632, -0.177773, 0.0, 0.0, 0.0, 1.0],
                [1.0, -0.0, -0.0, 0.124994, -0.0, -0.821356, 0.570413, 0.098206, -0.0, -0.570412, -0.821359, -0.154107, 0.0, 0.0, 0.0, 1.0],
                [1.0, -0.0, -0.0, 0.124994, -0.0, -0.819661, 0.572846, 0.089949, -0.0, -0.572845, -0.819663, -0.132874, 0.0, 0.0, 0.0, 1.0],
                [1.0, -0.0, -0.0, 0.124994, -0.0, -0.819054, 0.573714, 0.08327, -0.0, -0.573713, -0.819056, -0.115699, 0.0, 0.0, 0.0, 1.0]
            ]
        },
        {
            "name": "Leg_R",
            "time": [0.0, 0.6],
            "transform": [
                [1.0, 0.0, -0.0, 0.0, -0.0, 1.000001, -0.0, 0.37472, 0.0, -0.0, 0.999999, 0.0, 0.0, 0.0, 0.0, 1.0],
                [1.0, -0.0, 0.0, -0.0, -0.0, 1.000001, -0.0, 0.37472, -0.0, 0.0, 0.999999, 0.0, 0.0, 0.0, 0.0, 1.0]
            ]
        },
        {
            "name": "Knee_R",
            "time": [0.0, 0.6],
            "transform": [
                [1.0, 0.0, -0.0, -0.0, -0.0, 0.0, -1.0, 0.37472, -0.0, 1.0, 0.0, -0.0, 0.0, 0.0, 0.0, 1.0],
                [1.0, 0.0, -0.0, -0.0, -0.0, 0.0, -1.0, 0.37472, -0.0, 1.0, 0.0, 0.0, 0.0, 0.0, 0.0, 1.0]
            ]
        },
        {
            "name": "Thigh_L",
            "time": [0.0, 0.0167, 0.0333, 0.05, 0.0667, 0.0833, 0.1, 0.1167, 0.1333, 0.15, 0.1667, 0.1833, 0.2, 0.2167, 0.2333, 0.25, 0.2667, 0.2833, 0.3, 0.3167, 0.3333, 0.35, 0.3667, 0.3833, 0.4, 0.4167, 0.4333, 0.45, 0.4667, 0.4833, 0.5, 0.5167, 0.5333, 0.55, 0.5667, 0.5833, 0.6],
            "transform": [
                [1.0, -0.0, -0.0, -0.125006, -0.0, -0.642787, -0.766044, -0.002831, 0.0, 0.766044, -0.642788, 0.099988, 0.0, 0.0, 0.0, 1.0],
                [1.0, -0.0, -0.0, -0.125006, -0.0, -0.637756, -0.770237, 0.004044, 0.0, 0.770237, -0.637757, 0.087742, 0.0, 0.0, 0.0, 1.0],
                [1.0, -0.0, -0.0, -0.125006, -0.0, -0.629449, -0.777041, 0.022169, 0.0, 0.777041, -0.62945, 0.055457, 0.0, 0.0, 0.0, 1.0],
                [1.0, -0.0, -0.0, -0.125006, -0.0, -0.628776, -0.777586, 0.047794, 0.0, 0.777586, -0.628776, 0.009812, 0.0, 0.0, 0.0, 1.0],
                [1.0, -1e-06, -0.0, -0.125006, -0.0, -0.736931, -0.675967, 0.077169, 0.0, 0.675967, -0.736931, -0.042512, 0.0, 0.0, 0.0, 1.0],
                [1.0, -1e-06, -0.0, -0.125006, -1e-06, -0.932943, -0.360022, 0.106544, 0.0, 0.360021, -0.932944, -0.094836, 0.0, 0.0, 0.0, 1.0],
                [1.0, -1e-06, 0.0, -0.125006, -1e-06, -0.994103, 0.108435, 0.132169, 0.0, -0.108435, -0.994103, -0.140481, 0.0, 0.0, 0.0, 1.0],
                [1.0, -1e-06, 0.0, -0.125006, -1e-06, -0.877571, 0.479445, 0.150294, 0.0, -0.479444, -0.877572, -0.172766, 0.0, 0.0, 0.0, 1.0],
                [1.0, -1e-06, 0.0, -0.125006, -1e-06, -0.793352, 0.608761, 0.157169, -0.0, -0.608761, -0.793353, -0.185012, 0.0, 0.0, 0.0, 1.0],
                [1.0, -1e-06, 0.0, -0.125006, -1e-06, -0.794579, 0.607159, 0.152689, -0.0, -0.607159, -0.79458, -0.183209, 0.0, 0.0, 0.0, 1.0],
                [1.0, -1e-06, 0.0, -0.125006, -1e-06, -0.798046, 0.602595, 0.140529, -0.0, -0.602595, -0.798047, -0.178092, 0.0, 0.0, 0.0, 1.0],
                [1.0, -1e-06, 0.0, -0.125006, -1e-06, -0.803385, 0.595459, 0.122609, -0.0, -0.595459, -0.803385, -0.170094, 0.0, 0.0, 0.0, 1.0],
                [1.0, -1e-06, 0.0, -0.125006, -1e-06, -0.810209, 0.58614, 0.100849, -0.0, -0.58614, -0.810209, -0.159652, 0.0, 0.0, 0.0, 1.0],
                [1.0, -1e-06, 0.0, -0.125006, -1e-06, -0.818154, 0.574997, 0.077169, -0.0, -0.574997, -0.818155, -0.147199, 0.0, 0.0, 0.0, 1.0],
                [1.0, -1e-06, 0.0, -0.125006, -1e-06, -0.826909, 0.562335, 0.053489, -0.0, -0.562335, -0.826909, -0.133172, 0.0, 0.0, 0.0, 1.0],
                [1.0, -1e-06, -0.0, -0.125006, -1e-06, -0.836222, 0.548389, 0.031729, -0.0, -0.548389, -0.836223, -0.118004, 0.0, 0.0, 0.0, 1.0],
                [1.0, -1e-06, -0.0, -0.125006, -1e-06, -0.845913, 0.533319, 0.013809, -0.0, -0.533319, -0.845914, -0.102132, 0.0, 0.0, 0.0, 1.0],
                [1.0, -1e-06, -0.0, -0.125006, -1e-06, -0.855866, 0.517196, 0.001649, -0.0, -0.517196, -0.855867, -0.085989, 0.0, 0.0, 0.0, 1.0],
                [1.0, -0.0, -0.0, -0.125006, -0.0, -0.866024, 0.5, -0.002831, -0.0, -0.5, -0.866025, -0.070012, 0.0, 0.0, 0.0, 1.0],
                [1.0, -0.0, -0.0, -0.125006, -0.0, -0.879659, 0.475602, -0.002831, -0.0, -0.475602, -0.87966, -0.054565, 0.0, 0.0, 0.0, 1.0],
                [1.0, -0.0, -0.0, -0.125006, -0.0, -0.898863, 0.438228, -0.002831, -0.0, -0.438228, -0.898863, -0.039737, 0.0, 0.0, 0.0, 1.0],
                [1.0, -0.0, -0.0, -0.125006, -0.0, -0.921576, 0.388196, -0.002831, -0.0, -0.388196, -0.921577, -0.025546, 0.0, 0.0, 0.0, 1.0],
                [1.0, -0.0, -0.0, -0.125006, -0.0, -0.945411, 0.325877, -0.002831, -0.0, -0.325876, -0.945412, -0.012012, 0.0, 0.0, 0.0, 1.0],
                [1.0, -0.0, -0.0, -0.125006, -0.0, -0.967743, 0.251935, -0.002831, -0.0, -0.251935, -0.967744, 0.000848, 0.0, 0.0, 0.0, 1.0],
                [1.0, -0.0, -0.0, -0.125006, -0.0, -0.985864, 0.167545, -0.002831, -0.0, -0.167545, -0.985864, 0.013013, 0.0, 0.0, 0.0, 1.0],
                [1.0, -0.0, -0.0, -0.125006, -0.0, -0.997218, 0.074527, -0.002831, -0.0, -0.074527, -0.997219, 0.024466, 0.0, 0.0, 0.0, 1.0],
                [1.0, -0.0, -0.0, -0.125006, -0.0, -0.999696, -0.024613, -0.002831, -0.0, 0.024613, -0.999697, 0.035188, 0.0, 0.0, 0.0, 1.0],
                [1.0, -0.0, -0.0, -0.125006, -0.0, -0.991927, -0.126799, -0.002831, -0.0, 0.126799, -0.991928, 0.04516, 0.0, 0.0, 0.0, 1.0],
                [1.0, -0.0, -0.0, -0.125006, -0.0, -0.973513, -0.228629, -0.002831, -0.0, 0.228629, -0.973513, 0.054363, 0.0, 0.0, 0.0, 1.0],
                [1.0, -0.0, -0.0, -0.125006, -0.0, -0.945119, -0.326723, -0.002831, -0.0, 0.326723, -0.94512, 0.062779, 0.0, 0.0, 0.0, 1.0],
                [1.0, -0.0, -0.0, -0.125006, -0.0, -0.908412, -0.418075, -0.002831, 0.0, 0.418074, -0.908412, 0.070388, 0.0, 0.0, 0.0, 1.0],
                [1.0, -0.0, -0.0, -0.125006, -0.0, -0.865833, -0.500331, -0.002831, 0.0, 0.500331, -0.865834, 0.077173, 0.0, 0.0, 0.0, 1.0],
                [1.0, -0.0, -0.0, -0.125006, -0.0, -0.820296, -0.571938, -0.002831, 0.0, 0.571937, -0.820297, 0.083113, 0.0, 0.0, 0.0, 1.0],
                [1.0, -0.0, -0.0, -0.125006, -0.0, -0.77487, -0.63212, -0.002831, 0.0, 0.63212, -0.77487, 0.088191, 0.0, 0.0, 0.0, 1.0],
                [1.0, -0.0, -0.0, -0.125006, -0.0, -0.732518, -0.680746, -0.002831, 0.0, 0.680746, -0.732519, 0.092388, 0.0, 0.0, 0.0, 1.0],
                [1.0, -0.0, -0.0, -0.125006, -0.0, -0.695943, -0.718096, -0.002831, 0.0, 0.718096, -0.695943, 0.095685, 0.0, 0.0, 0.0, 1.0],
                [1.0, -0.0, -0.0, -0.125006, -0.0, -0.667501, -0.744608, -0.002831, 0.0, 0.744608, -0.667501, 0.098063, 0.0, 0.0, 0.0, 1.0]
            ]
        },
        {
            "name": "Leg_L",
            "time": [0.0, 0.6],
            "transform": [
                [1.0, 0.0, 0.0, -0.0, -0.0, 1.0, 0.0, 0.37472, 0.0, 0.0, 1.0, 0.0, 0.0, 0.0, 0.0, 1.0],
                [1.0, -0.0, -0.0, 0.0, -0.0, 1.0, 0.0, 0.37472, -0.0, 0.0, 1.0, 0.0, 0.0, 0.0, 0.0, 1.0]
            ]
        },
        {
            "name": "Knee_L",
            "time": [0.0, 0.6],
            "transform": [
                [1.0, 0.0, -0.0, 0.0, -0.0, 0.0, -1.0, 0.37472, -0.0, 1.0, 0.0, 0.0, 0.0, 0.0, 0.0, 1.0],
                [1.0, 0.0, -0.0, 0.0, -0.0, 1e-06, -1.0, 0.37472, -0.0, 1.0, 0.0, 0.0, 0.0, 0.0, 0.0, 1.0]
            ]
        },
        {
            "name": "Torso",
            "time": [0.0, 0.0167, 0.0333, 0.05, 0.0667, 0.0833, 0.1, 0.1167, 0.1333, 0.15, 0.1667, 0.1833, 0.2, 0.2167, 0.2333, 0.25, 0.2667, 0.2833, 0.3, 0.3167, 0.3333, 0.35, 0.3667, 0.3833, 0.4, 0.4167, 0.4333, 0.45, 0.4667, 0.4833, 0.5, 0.5167, 0.5333, 0.55, 0.5667, 0.5833, 0.6],
            "transform": [
                [0.996294, 0.000555, 0.086012, 0.0, -0.022749, 0.966071, 0.257272, 0.05, -0.082951, -0.258276, 0.962503, 0.0, 0.0, 0.0, 0.0, 1.0],
                [0.996417, 0.000943, 0.084568, 0.0, -0.022751, 0.966065, 0.257294, 0.05, -0.081455, -0.258296, 0.962626, 0.0, 0.0, 0.0, 0.0, 1.0],
                [0.996756, 0.002048, 0.080453, 0.0, -0.022757, 0.966049, 0.257355, 0.05, -0.077195, -0.258352, 0.962962, 0.0, 0.0, 0.0, 0.0, 1.0],
                [0.997251, 0.00378, 0.074, 0.0, -0.022766, 0.966023, 0.257452, 0.05, -0.070513, -0.258428, 0.963454, 0.0, 0.0, 0.0, 0.0, 1.0],
                [0.997832, 0.006051, 0.065537, 0.0, -0.022776, 0.965989, 0.257578, 0.05, -0.061749, -0.258512, 0.964033, 0.0, 0.0, 0.0, 0.0, 1.0],
                [0.998426, 0.008773, 0.055395, 0.0, -0.022787, 0.965949, 0.257729, 0.05, -0.051247, -0.258585, 0.964628, 0.0, 0.0, 0.0, 0.0, 1.0],
                [0.998965, 0.011854, 0.043904, 0.0, -0.022797, 0.965903, 0.2579, 0.05, -0.03935, -0.258634, 0.965174, 0.0, 0.0, 0.0, 0.0, 1.0],
                [0.999391, 0.015207, 0.0314, 0.0, -0.022805, 0.965853, 0.258086, 0.05, -0.026404, -0.258645, 0.965611, 0.0, 0.0, 0.0, 0.0, 1.0],
                [0.999658, 0.018739, 0.018219, 0.0, -0.022812, 0.9658, 0.258283, 0.05, -0.012756, -0.25861, 0.965898, 0.0, 0.0, 0.0, 0.0, 1.0],
                [0.999739, 0.022361, 0.004699, 0.0, -0.022815, 0.965746, 0.258485, 0.05, 0.001242, -0.258524, 0.966004, 0.0, 0.0, 0.0, 0.0, 1.0],
                [0.999624, 0.025981, -0.008821, 0.0, -0.022816, 0.965692, 0.258686, 0.05, 0.015239, -0.258388, 0.965921, 0.0, 0.0, 0.0, 0.0, 1.0],
                [0.999322, 0.029509, -0.022003, 0.0, -0.022814, 0.965639, 0.258883, 0.05, 0.028886, -0.258206, 0.965658, 0.0, 0.0, 0.0, 0.0, 1.0],
                [0.998864, 0.032854, -0.034507, 0.0, -0.02281, 0.96559, 0.259069, 0.05, 0.041831, -0.257988, 0.965242, 0.0, 0.0, 0.0, 0.0, 1.0],
                [0.998295, 0.035927, -0.045999, 0.0, -0.022803, 0.965544, 0.259241, 0.05, 0.053727, -0.25775, 0.964717, 0.0, 0.0, 0.0, 0.0, 1.0],
                [0.997675, 0.038638, -0.056142, 0.0, -0.022796, 0.965503, 0.259392, 0.05, 0.064228, -0.257509, 0.964139, 0.0, 0.0, 0.0, 0.0, 1.0],
                [0.997072, 0.0409, -0.064606, 0.0, -0.022788, 0.96547, 0.259519, 0.05, 0.07299, -0.257287, 0.963575, 0.0, 0.0, 0.0, 0.0, 1.0],
                [0.996561, 0.042625, -0.07106, 0.0, -0.022782, 0.965444, 0.259615, 0.05, 0.079671, -0.257103, 0.963094, 0.0, 0.0, 0.0, 0.0, 1.0],
                [0.996211, 0.043724, -0.075175, 0.0, -0.022777, 0.965427, 0.259676, 0.05, 0.08393, -0.25698, 0.962765, 0.0, 0.0, 0.0, 0.0, 1.0],
                [0.996084, 0.04411, -0.07662, 0.0, -0.022776, 0.965421, 0.259698, 0.05, 0.085426, -0.256936, 0.962646, 0.0, 0.0, 0.0, 0.0, 1.0],
                [0.996188, 0.043796, -0.075445, 0.0, -0.022777, 0.965426, 0.25968, 0.05, 0.08421, -0.256972, 0.962743, 0.0, 0.0, 0.0, 0.0, 1.0],
                [0.996476, 0.042897, -0.072081, 0.0, -0.022781, 0.965439, 0.25963, 0.05, 0.080727, -0.257073, 0.963014, 0.0, 0.0, 0.0, 0.0, 1.0],
                [0.996906, 0.041478, -0.066768, 0.0, -0.022786, 0.965461, 0.259551, 0.05, 0.075228, -0.257226, 0.963419, -0.0, 0.0, 0.0, 0.0, 1.0],
                [0.997428, 0.039602, -0.059748, 0.0, -0.022793, 0.965489, 0.259446, 0.05, 0.06796, -0.257417, 0.963908, 0.0, 0.0, 0.0, 0.0, 1.0],
                [0.997987, 0.037333, -0.05126, 0.0, -0.0228, 0.965523, 0.259319, 0.05, 0.059174, -0.257629, 0.96443, 0.0, 0.0, 0.0, 0.0, 1.0],
                [0.998533, 0.034736, -0.041545, 0.0, -0.022806, 0.965562, 0.259174, 0.05, 0.049117, -0.257847, 0.964937, 0.0, 0.0, 0.0, 0.0, 1.0],
                [0.999016, 0.031875, -0.030847, 0.0, -0.022811, 0.965604, 0.259015, 0.05, 0.038042, -0.258056, 0.965381, 0.0, 0.0, 0.0, 0.0, 1.0],
                [0.999396, 0.028815, -0.01941, 0.0, -0.022815, 0.96565, 0.258844, 0.05, 0.026202, -0.258245, 0.965724, 0.0, 0.0, 0.0, 0.0, 1.0],
                [0.999644, 0.025622, -0.007479, 0.0, -0.022816, 0.965697, 0.258666, 0.05, 0.01385, -0.258403, 0.965938, 0.0, 0.0, 0.0, 0.0, 1.0],
                [0.999739, 0.022361, 0.004699, 0.0, -0.022815, 0.965746, 0.258485, 0.05, 0.001242, -0.258524, 0.966004, 0.0, 0.0, 0.0, 0.0, 1.0],
                [0.999675, 0.019099, 0.016877, 0.0, -0.022812, 0.965795, 0.258303, 0.05, -0.011366, -0.258604, 0.965917, 0.0, 0.0, 0.0, 0.0, 1.0],
                [0.999458, 0.015902, 0.028808, 0.0, -0.022807, 0.965842, 0.258125, 0.05, -0.023719, -0.258642, 0.965682, 0.0, 0.0, 0.0, 0.0, 1.0],
                [0.999107, 0.012836, 0.040244, 0.0, -0.0228, 0.965888, 0.257955, 0.05, -0.03556, -0.258642, 0.965319, 0.0, 0.0, 0.0, 0.0, 1.0],
                [0.998652, 0.009967, 0.050941, 0.0, -0.022791, 0.965931, 0.257795, 0.05, -0.046636, -0.258609, 0.964856, 0.0, 0.0, 0.0, 0.0, 1.0],
                [0.998132, 0.007361, 0.060655, 0.0, -0.022781, 0.96597, 0.25765, 0.05, -0.056694, -0.258551, 0.964333, 0.0, 0.0, 0.0, 0.0, 1.0],
                [0.997594, 0.005084, 0.069142, 0.0, -0.022772, 0.966004, 0.257524, 0.05, -0.065483, -0.258479, 0.963795, 0.0, 0.0, 0.0, 0.0, 1.0],
                [0.99709, 0.0032, 0.076162, 0.0, -0.022763, 0.966032, 0.257419, 0.05, -0.072751, -0.258404, 0.963294, 0.0, 0.0, 0.0, 0.0, 1.0],
                [0.996674, 0.001774, 0.081474, 0.0, -0.022756, 0.966053, 0.25734, 0.05, -0.078252, -0.258338, 0.96288, 0.0, 0.0, 0.0, 0.0, 1.0]
            ]
        },
        {
            "name": "Chest",
            "time": [0.0, 0.6],
            "transform": [
                [1.0, 0.0, 0.0, 0.0, 0.0, 1.0, -0.0, 0.3, 0.0, 0.0, 1.0, 0.0, 0.0, 0.0, 0.0, 1.0],
                [1.0, 0.0, -0.0, 0.0, 0.0, 1.0, -0.0, 0.3, -0.0, 0.0, 1.0, -0.0, 0.0, 0.0, 0.0, 1.0]
            ]
        },
        {
            "name": "Head",
            "time": [0.0, 0.0167, 0.0333, 0.05, 0.0667, 0.0833, 0.1, 0.1167, 0.1333, 0.15, 0.1667, 0.1833, 0.2, 0.2167, 0.2333, 0.25, 0.2667, 0.2833, 0.3, 0.3167, 0.3333, 0.35, 0.3667, 0.3833, 0.4, 0.4167, 0.4333, 0.45, 0.4667, 0.4833, 0.5, 0.5167, 0.5333, 0.55, 0.5667, 0.5833, 0.6],
            "transform": [
                [0.99612, -0.005633, -0.087828, -0.0, -0.010004, 0.984234, -0.176591, 0.4, 0.087438, 0.176785, 0.980358, -0.0, 0.0, 0.0, 0.0, 1.0],
                [0.996312, -0.005435, -0.085635, -0.0, -0.009798, 0.984258, -0.176468, 0.4, 0.085246, 0.176656, 0.980574, -0.0, 0.0, 0.0, 0.0, 1.0],
                [0.996818, -0.004905, -0.07956, 0.0, -0.009215, 0.984321, -0.176142, 0.4, 0.079176, 0.176315, 0.981144, -0.0, 0.0, 0.0, 0.0, 1.0],
                [0.997513, -0.004139, -0.070357, 0.0, -0.008306, 0.984412, -0.175682, 0.4, 0.069987, 0.17583, 0.98193, 0.0, 0.0, 0.0, 0.0, 1.0],
                [0.998266, -0.003236, -0.058782, 0.0, -0.007122, 0.984516, -0.175152, 0.4, 0.058439, 0.175267, 0.982785, -0.0, 0.0, 0.0, 0.0, 1.0],
                [0.998958, -0.00229, -0.045594, 0.0, -0.005713, 0.98462, -0.174619, 0.4, 0.045292, 0.174697, 0.98358, 0.0, 0.0, 0.0, 0.0, 1.0],
                [0.999502, -0.001394, -0.031553, -0.0, -0.004124, 0.984711, -0.174149, 0.4, 0.031314, 0.174192, 0.984214, -0.0, 0.0, 0.0, 0.0, 1.0],
                [0.999848, -0.000638, -0.017424, 0.0, -0.002401, 0.984775, -0.173815, 0.4, 0.01727, 0.173831, 0.984624, -0.0, 0.0, 0.0, 0.0, 1.0],
                [0.999992, -0.000108, -0.003972, 0.0, -0.000584, 0.9848, -0.173692, 0.4, 0.00393, 0.173693, 0.984792, 0.0, 0.0, 0.0, 0.0, 1.0],
                [0.999966, -0.00043, 0.008222, -0.0, 0.001853, 0.984775, -0.173822, 0.4, -0.008022, 0.173831, 0.984743, 0.0, 0.0, 0.0, 0.0, 1.0],
                [0.999816, -0.001975, 0.019093, -0.0, 0.005271, 0.984705, -0.17415, 0.4, -0.018457, 0.174219, 0.984534, -0.0, 0.0, 0.0, 0.0, 1.0],
                [0.99958, -0.004443, 0.02865, -0.0, 0.009381, 0.984592, -0.174613, 0.4, -0.027433, 0.174809, 0.98422, -0.0, 0.0, 0.0, 0.0, 1.0],
                [0.99929, -0.007537, 0.036905, -0.0, 0.013894, 0.984443, -0.175156, 0.4, -0.035011, 0.175544, 0.983849, 0.0, 0.0, 0.0, 0.0, 1.0],
                [0.998977, -0.010962, 0.043868, -0.0, 0.018517, 0.984264, -0.175729, 0.4, -0.041251, 0.176362, 0.983461, 0.0, 0.0, 0.0, 0.0, 1.0],
                [0.998668, -0.014423, 0.049548, 0.0, 0.022958, 0.98407, -0.176289, 0.4, -0.046216, 0.177192, 0.98309, 0.0, 0.0, 0.0, 0.0, 1.0],
                [0.998388, -0.017626, 0.053953, -0.0, 0.026924, 0.983879, -0.176797, 0.4, -0.049967, 0.177964, 0.982768, -0.0, 0.0, 0.0, 0.0, 1.0],
                [0.998163, -0.020278, 0.057091, 0.0, 0.03012, 0.983712, -0.177211, 0.4, -0.052567, 0.178605, 0.982516, -0.0, 0.0, 0.0, 0.0, 1.0],
                [0.998015, -0.022084, 0.058968, 0.0, 0.032252, 0.983594, -0.177491, 0.4, -0.054081, 0.179041, 0.982354, 0.0, 0.0, 0.0, 0.0, 1.0],
                [0.997964, -0.022752, 0.059593, -0.0, 0.033029, 0.983549, -0.177595, 0.4, -0.054572, 0.179201, 0.982297, -0.0, 0.0, 0.0, 0.0, 1.0],
                [0.998048, -0.021938, 0.058476, 0.0, 0.032019, 0.983604, -0.177475, 0.4, -0.053624, 0.179001, 0.982386, 0.0, 0.0, 0.0, 0.0, 1.0],
                [0.998275, -0.019763, 0.055292, 0.0, 0.029287, 0.983747, -0.177152, 0.4, -0.050892, 0.178466, 0.982629, 0.0, 0.0, 0.0, 0.0, 1.0],
                [0.998596, -0.016626, 0.05029, 0.0, 0.02528, 0.983944, -0.176676, 0.4, -0.046545, 0.177699, 0.982983, 0.0, 0.0, 0.0, 0.0, 1.0],
                [0.99896, -0.012929, 0.043721, -0.0, 0.020444, 0.984161, -0.176094, 0.4, -0.040752, 0.176804, 0.983402, 0.0, 0.0, 0.0, 0.0, 1.0],
                [0.999317, -0.009071, 0.035832, 0.0, 0.015226, 0.984369, -0.175457, 0.4, -0.03368, 0.175883, 0.983835, 0.0, 0.0, 0.0, 0.0, 1.0],
                [0.999624, -0.005455, 0.026872, 0.0, 0.010072, 0.984548, -0.174824, 0.4, -0.025503, 0.175029, 0.984233, 0.0, 0.0, 0.0, 0.0, 1.0],
                [0.999851, -0.002485, 0.017088, 0.0, 0.005425, 0.984684, -0.174263, 0.4, -0.016393, 0.17433, 0.984551, -0.0, 0.0, 0.0, 0.0, 1.0],
                [0.999977, -0.000566, 0.006725, -0.0, 0.001727, 0.98477, -0.173855, 0.4, -0.006524, 0.173862, 0.984748, 0.0, 0.0, 0.0, 0.0, 1.0],
                [0.999992, -0.000108, -0.003972, -0.0, -0.000584, 0.9848, -0.173692, 0.4, 0.00393, 0.173693, 0.984792, 0.0, 0.0, 0.0, 0.0, 1.0],
                [0.99989, -0.00057, -0.014838, -0.0, -0.002017, 0.984787, -0.173756, 0.4, 0.014711, 0.173767, 0.984677, 0.0, 0.0, 0.0, 0.0, 1.0],
                [0.999669, -0.001126, -0.025722, -0.0, -0.003366, 0.984751, -0.17394, 0.4, 0.025525, 0.173969, 0.98442, -0.0, 0.0, 0.0, 0.0, 1.0],
                [0.999336, -0.001748, -0.036401, 0.0, -0.004623, 0.984696, -0.174218, 0.4, 0.036149, 0.174271, 0.984034, -0.0, 0.0, 0.0, 0.0, 1.0],
                [0.998909, -0.002409, -0.046653, -0.0, -0.005778, 0.984629, -0.174561, 0.4, 0.046357, 0.17464, 0.983541, -0.0, 0.0, 0.0, 0.0, 1.0],
                [0.998412, -0.003079, -0.056255, 0.0, -0.00682, 0.984555, -0.174943, 0.4, 0.055925, 0.175048, 0.98297, 0.0, 0.0, 0.0, 0.0, 1.0],
                [0.997879, -0.003731, -0.064985, 0.0, -0.007738, 0.984478, -0.175337, 0.4, 0.064631, 0.175468, 0.982361, 0.0, 0.0, 0.0, 0.0, 1.0],
                [0.997351, -0.004333, -0.072622, -0.0, -0.008518, 0.984404, -0.175718, 0.4, 0.07225, 0.175871, 0.981758, -0.0, 0.0, 0.0, 0.0, 1.0],
                [0.996868, -0.004856, -0.078944, -0.0, -0.009148, 0.984337, -0.17606, 0.4, 0.078562, 0.176231, 0.981209, 0.0, 0.0, 0.0, 0.0, 1.0],
                [0.996474, -0.005267, -0.083733, -0.0, -0.009615, 0.984283, -0.176337, 0.4, 0.083345, 0.17652, 0.980762, -0.0, 0.0, 0.0, 0.0, 1.0]
            ]
        },
        {
            "name": "Shoulder_R",
            "time": [0.0, 0.6],
            "transform": [
                [0.0, 0.952114, 0.305743, -0.0, 0.0, -0.305743, 0.952114, 0.4, 1.0, 0.0, -0.0, -0.0, 0.0, 0.0, 0.0, 1.0],
                [0.0, 0.952114, 0.305743, -0.0, -0.0, -0.305743, 0.952114, 0.4, 1.0, 0.0, -0.0, -0.0, 0.0, 0.0, 0.0, 1.0]
            ]
        },
        {
            "name": "Arm_R",
            "time": [0.0, 0.0167, 0.0333, 0.05, 0.0667, 0.0833, 0.1, 0.1167, 0.1333, 0.15, 0.1667, 0.1833, 0.2, 0.2167, 0.2333, 0.25, 0.2667, 0.2833, 0.3, 0.3167, 0.3333, 0.35, 0.3667, 0.3833, 0.4, 0.4167, 0.4333, 0.45, 0.4667, 0.4833, 0.5, 0.5167, 0.5333, 0.55, 0.5667, 0.5833, 0.6],
            "transform": [
                [0.133028, 0.160865, -0.97797, 0.084622, 0.808812, 0.552677, 0.200928, 0.425155, 0.572824, -0.817723, -0.056588, -0.009457, 0.0, 0.0, 0.0, 1.0],
                [0.131613, 0.160718, -0.978186, 0.084518, 0.80866, 0.553338, 0.199718, 0.425144, 0.573366, -0.817305, -0.05714, -0.00942, 0.0, 0.0, 0.0, 1.0],
                [0.127582, 0.160292, -0.97879, 0.084222, 0.808216, 0.555216, 0.196273, 0.42511, 0.574901, -0.816114, -0.058715, -0.009316, 0.0, 0.0, 0.0, 1.0],
                [0.12126, 0.159606, -0.979705, 0.083757, 0.807485, 0.558154, 0.190874, 0.425057, 0.577291, -0.814242, -0.061197, -0.009151, 0.0, 0.0, 0.0, 1.0],
                [0.112971, 0.158672, -0.980847, 0.083148, 0.806464, 0.561991, 0.1838, 0.424988, 0.580391, -0.811781, -0.064475, -0.008936, 0.0, 0.0, 0.0, 1.0],
                [0.103037, 0.157504, -0.982129, 0.082419, 0.805147, 0.566567, 0.175331, 0.424906, 0.584057, -0.808823, -0.068437, -0.008679, 0.0, 0.0, 0.0, 1.0],
                [0.091786, 0.156116, -0.983465, 0.081594, 0.803533, 0.57172, 0.165749, 0.424812, 0.588142, -0.805459, -0.072969, -0.008388, 0.0, 0.0, 0.0, 1.0],
                [0.079546, 0.154528, -0.984781, 0.080697, 0.801628, 0.57729, 0.155337, 0.42471, 0.592508, -0.801784, -0.077953, -0.008071, 0.0, 0.0, 0.0, 1.0],
                [0.066645, 0.152765, -0.986013, 0.079751, 0.799454, 0.58312, 0.144379, 0.424603, 0.59702, -0.797893, -0.083266, -0.007737, 0.0, 0.0, 0.0, 1.0],
                [0.053416, 0.150862, -0.987111, 0.078782, 0.797046, 0.589056, 0.133158, 0.424493, 0.601552, -0.793885, -0.088779, -0.007395, 0.0, 0.0, 0.0, 1.0],
                [0.040191, 0.148865, -0.988041, 0.077812, 0.794459, 0.594947, 0.121956, 0.424383, 0.605986, -0.789859, -0.094356, -0.007053, 0.0, 0.0, 0.0, 1.0],
                [0.027302, 0.146827, -0.988786, 0.076867, 0.791765, 0.600647, 0.111053, 0.424276, 0.610216, -0.785917, -0.099854, -0.006719, 0.0, 0.0, 0.0, 1.0],
                [0.015078, 0.14481, -0.989345, 0.07597, 0.789052, 0.606013, 0.100727, 0.424175, 0.614142, -0.782162, -0.105125, -0.006403, 0.0, 0.0, 0.0, 1.0],
                [0.003848, 0.142885, -0.989732, 0.075145, 0.786423, 0.610911, 0.091253, 0.424081, 0.617677, -0.778698, -0.110017, -0.006111, 0.0, 0.0, 0.0, 1.0],
                [-0.006062, 0.141128, -0.989973, 0.074416, 0.783995, 0.615207, 0.082902, 0.423998, 0.620738, -0.775631, -0.114373, -0.005854, 0.0, 0.0, 0.0, 1.0],
                [-0.014329, 0.139622, -0.990102, 0.073807, 0.781891, 0.618772, 0.075942, 0.423929, 0.62325, -0.773063, -0.118035, -0.005639, 0.0, 0.0, 0.0, 1.0],
                [-0.020632, 0.138448, -0.990155, 0.073342, 0.78024, 0.621479, 0.07064, 0.423877, 0.62514, -0.771101, -0.120845, -0.005475, 0.0, 0.0, 0.0, 1.0],
                [-0.024649, 0.137688, -0.990169, 0.073046, 0.779166, 0.623199, 0.067263, 0.423843, 0.626333, -0.769848, -0.122643, -0.00537, 0.0, 0.0, 0.0, 1.0],
                [-0.02606, 0.137419, -0.99017, 0.072942, 0.778785, 0.623802, 0.066077, 0.423831, 0.62675, -0.769407, -0.123276, -0.005334, 0.0, 0.0, 0.0, 1.0],
                [-0.024649, 0.137688, -0.990169, 0.073046, 0.779166, 0.623199, 0.067263, 0.423843, 0.626333, -0.769848, -0.122643, -0.00537, 0.0, 0.0, 0.0, 1.0],
                [-0.020632, 0.138448, -0.990155, 0.073342, 0.78024, 0.621478, 0.07064, 0.423877, 0.62514, -0.771101, -0.120845, -0.005475, 0.0, 0.0, 0.0, 1.0],
                [-0.014329, 0.139622, -0.990101, 0.073807, 0.781891, 0.618772, 0.075942, 0.423929, 0.62325, -0.773063, -0.118035, -0.005639, 0.0, 0.0, 0.0, 1.0],
                [-0.006062, 0.141128, -0.989973, 0.074416, 0.783995, 0.615207, 0.082902, 0.423999, 0.620738, -0.775631, -0.114373, -0.005854, 0.0, 0.0, 0.0, 1.0],
                [0.003848, 0.142885, -0.989732, 0.075145, 0.786423, 0.610911, 0.091253, 0.424081, 0.617677, -0.778698, -0.110017, -0.006111, 0.0, 0.0, 0.0, 1.0],
                [0.015078, 0.14481, -0.989345, 0.07597, 0.789051, 0.606013, 0.100727, 0.424175, 0.614142, -0.782162, -0.105125, -0.006403, 0.0, 0.0, 0.0, 1.0],
                [0.027302, 0.146827, -0.988786, 0.076867, 0.791765, 0.600646, 0.111053, 0.424276, 0.610216, -0.785917, -0.099854, -0.006719, 0.0, 0.0, 0.0, 1.0],
                [0.040191, 0.148865, -0.988041, 0.077812, 0.794459, 0.594947, 0.121956, 0.424384, 0.605986, -0.789859, -0.094356, -0.007053, 0.0, 0.0, 0.0, 1.0],
                [0.053416, 0.150862, -0.987111, 0.078782, 0.797046, 0.589056, 0.133158, 0.424493, 0.601552, -0.793885, -0.088779, -0.007395, 0.0, 0.0, 0.0, 1.0],
                [0.066645, 0.152765, -0.986013, 0.079751, 0.799453, 0.58312, 0.144379, 0.424603, 0.59702, -0.797893, -0.083266, -0.007737, 0.0, 0.0, 0.0, 1.0],
                [0.079546, 0.154528, -0.984781, 0.080697, 0.801628, 0.57729, 0.155337, 0.42471, 0.592508, -0.801784, -0.077953, -0.008071, 0.0, 0.0, 0.0, 1.0],
                [0.091786, 0.156116, -0.983465, 0.081594, 0.803532, 0.57172, 0.165749, 0.424812, 0.588142, -0.805459, -0.072968, -0.008388, 0.0, 0.0, 0.0, 1.0],
                [0.103037, 0.157505, -0.982128, 0.082419, 0.805147, 0.566567, 0.175331, 0.424906, 0.584056, -0.808823, -0.068437, -0.008679, 0.0, 0.0, 0.0, 1.0],
                [0.112971, 0.158672, -0.980847, 0.083148, 0.806464, 0.561991, 0.1838, 0.424988, 0.580391, -0.811781, -0.064475, -0.008936, 0.0, 0.0, 0.0, 1.0],
                [0.12126, 0.159606, -0.979705, 0.083757, 0.807485, 0.558154, 0.190874, 0.425057, 0.577291, -0.814242, -0.061197, -0.009151, 0.0, 0.0, 0.0, 1.0],
                [0.127582, 0.160292, -0.97879, 0.084222, 0.808216, 0.555216, 0.196273, 0.42511, 0.574901, -0.816114, -0.058715, -0.009315, 0.0, 0.0, 0.0, 1.0],
                [0.131612, 0.160718, -0.978186, 0.084518, 0.80866, 0.553338, 0.199718, 0.425144, 0.573365, -0.817305, -0.05714, -0.00942, 0.0, 0.0, 0.0, 1.0],
                [0.133028, 0.160865, -0.97797, 0.084622, 0.808812, 0.552677, 0.200928, 0.425155, 0.572824, -0.817723, -0.056588, -0.009457, 0.0, 0.0, 0.0, 1.0]
            ]
        },
        {
            "name": "Hand_R",
            "time": [0.0, 0.6],
            "transform": [
                [1.0, -0.0, 0.0, 0.0, -0.0, 0.993938, 0.109947, 0.3, -0.0, -0.109947, 0.993938, -0.0, 0.0, 0.0, 0.0, 1.0],
                [1.0, 0.0, 0.0, -0.0, -0.0, 0.993938, 0.109947, 0.3, -0.0, -0.109947, 0.993938, 0.0, 0.0, 0.0, 0.0, 1.0]
            ]
        },
        {
            "name": "Tool_R",
            "time": [0.0, 0.0167, 0.0333, 0.05, 0.0667, 0.0833, 0.1, 0.1167, 0.1333, 0.15, 0.1667, 0.1833, 0.2, 0.2167, 0.2333, 0.25, 0.2667, 0.2833, 0.3, 0.3167, 0.3333, 0.35, 0.3667, 0.3833, 0.4, 0.4167, 0.4333, 0.45, 0.4667, 0.4833, 0.5, 0.5167, 0.5333, 0.55, 0.5667, 0.5833, 0.6],
            "transform": [
                [1.0, 0.0, 0.0, 0.0, 0.0, -0.856822, 0.515612, 0.272858, 0.0, -0.515613, -0.856822, -0.0, 0.0, 0.0, 0.0, 1.0],
                [1.0, 0.0, 0.0, -0.0, 0.0, -0.856822, 0.515613, 0.272858, 0.0, -0.515612, -0.856822, -0.0, 0.0, 0.0, 0.0, 1.0],
                [1.0, 0.0, 0.0, -0.0, 0.0, -0.856822, 0.515613, 0.272858, 0.0, -0.515613, -0.856822, 0.0, 0.0, 0.0, 0.0, 1.0],
                [1.0, 0.0, 0.0, 0.0, 0.0, -0.856822, 0.515612, 0.272858, 0.0, -0.515612, -0.856822, -0.0, 0.0, 0.0, 0.0, 1.0],
                [1.0, 0.0, 0.0, -0.0, 0.0, -0.856822, 0.515613, 0.272858, 0.0, -0.515612, -0.856822, -0.0, 0.0, 0.0, 0.0, 1.0],
                [1.0, 0.0, 0.0, 0.0, 0.0, -0.856822, 0.515612, 0.272858, 0.0, -0.515613, -0.856822, -0.0, 0.0, 0.0, 0.0, 1.0],
                [1.0, 0.0, 0.0, -0.0, 0.0, -0.856822, 0.515613, 0.272858, 0.0, -0.515612, -0.856822, -0.0, 0.0, 0.0, 0.0, 1.0],
                [1.0, 0.0, 0.0, 0.0, 0.0, -0.856822, 0.515612, 0.272858, 0.0, -0.515613, -0.856822, -0.0, 0.0, 0.0, 0.0, 1.0],
                [1.0, 0.0, 0.0, -0.0, -0.0, -0.856822, 0.515612, 0.272858, 0.0, -0.515613, -0.856822, -0.0, 0.0, 0.0, 0.0, 1.0],
                [1.0, 0.0, 0.0, 0.0, 0.0, -0.856822, 0.515613, 0.272858, 0.0, -0.515612, -0.856822, 0.0, 0.0, 0.0, 0.0, 1.0],
                [1.0, 0.0, 0.0, -0.0, -0.0, -0.856822, 0.515613, 0.272858, 0.0, -0.515612, -0.856822, 0.0, 0.0, 0.0, 0.0, 1.0],
                [1.0, 0.0, 0.0, 0.0, 0.0, -0.856822, 0.515612, 0.272858, 0.0, -0.515612, -0.856822, -0.0, 0.0, 0.0, 0.0, 1.0],
                [1.0, 0.0, 0.0, 0.0, 0.0, -0.856822, 0.515612, 0.272858, 0.0, -0.515613, -0.856822, 0.0, 0.0, 0.0, 0.0, 1.0],
                [1.0, 0.0, 0.0, 0.0, 0.0, -0.856822, 0.515613, 0.272858, 0.0, -0.515613, -0.856822, -0.0, 0.0, 0.0, 0.0, 1.0],
                [1.0, 0.0, 0.0, -0.0, 0.0, -0.856822, 0.515613, 0.272858, 0.0, -0.515613, -0.856822, 0.0, 0.0, 0.0, 0.0, 1.0],
                [1.0, 0.0, 0.0, -0.0, 0.0, -0.856822, 0.515612, 0.272858, 0.0, -0.515612, -0.856822, -0.0, 0.0, 0.0, 0.0, 1.0],
                [1.0, 0.0, 0.0, 0.0, 0.0, -0.856822, 0.515612, 0.272858, 0.0, -0.515612, -0.856822, 0.0, 0.0, 0.0, 0.0, 1.0],
                [1.0, 0.0, 0.0, -0.0, 0.0, -0.856822, 0.515613, 0.272858, 0.0, -0.515613, -0.856822, 0.0, 0.0, 0.0, 0.0, 1.0],
                [1.0, 0.0, 0.0, 0.0, 0.0, -0.856822, 0.515613, 0.272858, 0.0, -0.515612, -0.856822, -0.0, 0.0, 0.0, 0.0, 1.0],
                [1.0, 0.0, 0.0, -0.0, 0.0, -0.856822, 0.515612, 0.272858, 0.0, -0.515613, -0.856822, -0.0, 0.0, 0.0, 0.0, 1.0],
                [1.0, 0.0, 0.0, -0.0, 0.0, -0.856822, 0.515613, 0.272858, 0.0, -0.515612, -0.856822, -0.0, 0.0, 0.0, 0.0, 1.0],
                [1.0, 0.0, 0.0, 0.0, 0.0, -0.856822, 0.515612, 0.272858, 0.0, -0.515612, -0.856822, 0.0, 0.0, 0.0, 0.0, 1.0],
