{
    "animation": [
        {
            "name": "Root",
            "time": [0.0, 0.0167, 0.0333, 0.05, 0.0667, 0.0833, 0.1, 0.1167, 0.1333, 0.15, 0.1667, 0.1833, 0.2, 0.2167, 0.2333, 0.25, 0.2667, 0.2833, 0.3, 0.3167, 0.3333, 0.35, 0.3667, 0.3833, 0.4, 0.4167, 0.4333, 0.45, 0.4667, 0.4833, 0.5, 0.5167, 0.5333, 0.55, 0.5667, 0.5833, 0.6, 0.6167, 0.6333, 0.65, 0.6667, 0.6833, 0.7, 0.7167, 0.7333, 0.75, 0.7667, 0.7833, 0.8, 0.8167, 0.8333, 0.85, 0.8667, 0.8833, 0.9, 0.9167, 0.9333, 0.95, 0.9667, 0.9833, 1.0],
            "transform": [
                [1.0, 0.0, 0.0, -0.003365, 0.0, 0.0, -1.0, 0.000946, 0.0, 1.0, 0.0, 0.713972, 0.0, 0.0, 0.0, 1.0],
                [1.0, 0.0, 0.0, -0.003365, 0.0, 0.0, -1.0, 0.000873, 0.0, 1.0, 0.0, 0.714245, 0.0, 0.0, 0.0, 1.0],
                [1.0, 0.0, 0.0, -0.003365, 0.0, 0.0, -1.0, 0.000659, 0.0, 1.0, 0.0, 0.715064, 0.0, 0.0, 0.0, 1.0],
                [1.0, 0.0, 0.0, -0.003365, 0.0, 0.0, -1.0, 0.000309, 0.0, 1.0, 0.0, 0.716419, 0.0, 0.0, 0.0, 1.0],
                [1.0, 0.0, 0.0, -0.003365, 0.0, 0.0, -1.0, -0.000169, 0.0, 1.0, 0.0, 0.718294, 0.0, 0.0, 0.0, 1.0],
                [1.0, 0.0, 0.0, -0.003365, 0.0, 0.0, -1.0, -0.000768, 0.0, 1.0, 0.0, 0.72067, 0.0, 0.0, 0.0, 1.0],
                [1.0, 0.0, 0.0, -0.003365, 0.0, 0.0, -1.0, -0.001483, 0.0, 1.0, 0.0, 0.723521, 0.0, 0.0, 0.0, 1.0],
                [1.0, 0.0, 0.0, -0.003365, 0.0, 0.0, -1.0, -0.002307, 0.0, 1.0, 0.0, 0.726814, 0.0, 0.0, 0.0, 1.0],
                [1.0, 0.0, 0.0, -0.003365, 0.0, 0.0, -1.0, -0.003232, 0.0, 1.0, 0.0, 0.730515, 0.0, 0.0, 0.0, 1.0],
                [1.0, 0.0, 0.0, -0.003365, 0.0, 0.0, -1.0, -0.004254, 0.0, 1.0, 0.0, 0.734582, 0.0, 0.0, 0.0, 1.0],
                [1.0, 0.0, 0.0, -0.003365, 0.0, 0.0, -1.0, -0.005364, 0.0, 1.0, 0.0, 0.738972, 0.0, 0.0, 0.0, 1.0],
                [1.0, 0.0, 0.0, -0.003365, 0.0, 0.0, -1.0, -0.006556, 0.0, 1.0, 0.0, 0.743635, 0.0, 0.0, 0.0, 1.0],
                [1.0, 0.0, 0.0, -0.003365, 0.0, 0.0, -1.0, -0.007824, 0.0, 1.0, 0.0, 0.748521, 0.0, 0.0, 0.0, 1.0],
                [1.0, 0.0, 0.0, -0.003365, 0.0, 0.0, -1.0, -0.009161, 0.0, 1.0, 0.0, 0.753576, 0.0, 0.0, 0.0, 1.0],
                [1.0, 0.0, 0.0, -0.003365, 0.0, 0.0, -1.0, -0.010561, 0.0, 1.0, 0.0, 0.758745, 0.0, 0.0, 0.0, 1.0],
                [1.0, 0.0, 0.0, -0.003365, 0.0, 0.0, -1.0, -0.012017, 0.0, 1.0, 0.0, 0.763972, 0.0, 0.0, 0.0, 1.0],
                [1.0, 0.0, 0.0, -0.003365, 0.0, 0.0, -1.0, -0.013522, 0.0, 1.0, 0.0, 0.763698, 0.0, 0.0, 0.0, 1.0],
                [1.0, 0.0, 0.0, -0.003365, 0.0, 0.0, -1.0, -0.015069, 0.0, 1.0, 0.0, 0.762879, 0.0, 0.0, 0.0, 1.0],
                [1.0, 0.0, 0.0, -0.003365, 0.0, 0.0, -1.0, -0.016654, 0.0, 1.0, 0.0, 0.761524, 0.0, 0.0, 0.0, 1.0],
                [1.0, 0.0, 0.0, -0.003365, 0.0, 0.0, -1.0, -0.018267, 0.0, 1.0, 0.0, 0.759649, 0.0, 0.0, 0.0, 1.0],
                [1.0, 0.0, 0.0, -0.003365, 0.0, 0.0, -1.0, -0.019904, 0.0, 1.0, 0.0, 0.757273, 0.0, 0.0, 0.0, 1.0],
                [1.0, 0.0, 0.0, -0.003365, 0.0, 0.0, -1.0, -0.021557, 0.0, 1.0, 0.0, 0.754422, 0.0, 0.0, 0.0, 1.0],
                [1.0, 0.0, 0.0, -0.003365, 0.0, 0.0, -1.0, -0.02322, 0.0, 1.0, 0.0, 0.751129, 0.0, 0.0, 0.0, 1.0],
                [1.0, 0.0, 0.0, -0.003365, 0.0, 0.0, -1.0, -0.024887, 0.0, 1.0, 0.0, 0.747428, 0.0, 0.0, 0.0, 1.0],
                [1.0, 0.0, 0.0, -0.003365, 0.0, 0.0, -1.0, -0.02655, 0.0, 1.0, 0.0, 0.743361, 0.0, 0.0, 0.0, 1.0],
                [1.0, 0.0, 0.0, -0.003365, 0.0, 0.0, -1.0, -0.028203, 0.0, 1.0, 0.0, 0.738972, 0.0, 0.0, 0.0, 1.0],
                [1.0, 0.0, 0.0, -0.003365, 0.0, 0.0, -1.0, -0.02984, 0.0, 1.0, 0.0, 0.734308, 0.0, 0.0, 0.0, 1.0],
                [1.0, 0.0, 0.0, -0.003365, 0.0, 0.0, -1.0, -0.031454, 0.0, 1.0, 0.0, 0.729422, 0.0, 0.0, 0.0, 1.0],
                [1.0, 0.0, 0.0, -0.003365, 0.0, 0.0, -1.0, -0.033038, 0.0, 1.0, 0.0, 0.724367, 0.0, 0.0, 0.0, 1.0],
                [1.0, 0.0, 0.0, -0.003365, 0.0, 0.0, -1.0, -0.034586, 0.0, 1.0, 0.0, 0.719198, 0.0, 0.0, 0.0, 1.0],
                [1.0, 0.0, 0.0, -0.003365, 0.0, 0.0, -1.0, -0.036091, 0.0, 1.0, 0.0, 0.713972, 0.0, 0.0, 0.0, 1.0],
                [1.0, 0.0, 0.0, -0.003365, 0.0, 0.0, -1.0, -0.037546, 0.0, 1.0, 0.0, 0.714245, 0.0, 0.0, 0.0, 1.0],
                [1.0, 0.0, 0.0, -0.003365, 0.0, 0.0, -1.0, -0.038946, 0.0, 1.0, 0.0, 0.715064, 0.0, 0.0, 0.0, 1.0],
                [1.0, 0.0, 0.0, -0.003365, 0.0, 0.0, -1.0, -0.040283, 0.0, 1.0, 0.0, 0.716419, 0.0, 0.0, 0.0, 1.0],
                [1.0, 0.0, 0.0, -0.003365, 0.0, 0.0, -1.0, -0.041551, 0.0, 1.0, 0.0, 0.718294, 0.0, 0.0, 0.0, 1.0],
                [1.0, 0.0, 0.0, -0.003365, 0.0, 0.0, -1.0, -0.042744, 0.0, 1.0, 0.0, 0.72067, 0.0, 0.0, 0.0, 1.0],
                [1.0, 0.0, 0.0, -0.003365, 0.0, 0.0, -1.0, -0.043854, 0.0, 1.0, 0.0, 0.723521, 0.0, 0.0, 0.0, 1.0],
                [1.0, 0.0, 0.0, -0.003365, 0.0, 0.0, -1.0, -0.044875, 0.0, 1.0, 0.0, 0.726814, 0.0, 0.0, 0.0, 1.0],
                [1.0, 0.0, 0.0, -0.003365, 0.0, 0.0, -1.0, -0.0458, 0.0, 1.0, 0.0, 0.730515, 0.0, 0.0, 0.0, 1.0],
                [1.0, 0.0, 0.0, -0.003365, 0.0, 0.0, -1.0, -0.046624, 0.0, 1.0, 0.0, 0.734582, 0.0, 0.0, 0.0, 1.0],
                [1.0, 0.0, 0.0, -0.003365, 0.0, 0.0, -1.0, -0.047339, 0.0, 1.0, 0.0, 0.738972, 0.0, 0.0, 0.0, 1.0],
                [1.0, 0.0, 0.0, -0.003365, 0.0, 0.0, -1.0, -0.047939, 0.0, 1.0, 0.0, 0.743635, 0.0, 0.0, 0.0, 1.0],
                [1.0, 0.0, 0.0, -0.003365, 0.0, 0.0, -1.0, -0.048417, 0.0, 1.0, 0.0, 0.748521, 0.0, 0.0, 0.0, 1.0],
                [1.0, 0.0, 0.0, -0.003365, 0.0, 0.0, -1.0, -0.048766, 0.0, 1.0, 0.0, 0.753576, 0.0, 0.0, 0.0, 1.0],
                [1.0, 0.0, 0.0, -0.003365, 0.0, 0.0, -1.0, -0.048981, 0.0, 1.0, 0.0, 0.758745, 0.0, 0.0, 0.0, 1.0],
                [1.0, 0.0, 0.0, -0.003365, 0.0, 0.0, -1.0, -0.049054, 0.0, 1.0, 0.0, 0.763972, 0.0, 0.0, 0.0, 1.0],
                [1.0, 0.0, 0.0, -0.003365, 0.0, 0.0, -1.0, -0.048417, 0.0, 1.0, 0.0, 0.763698, 0.0, 0.0, 0.0, 1.0],
                [1.0, 0.0, 0.0, -0.003365, 0.0, 0.0, -1.0, -0.046624, 0.0, 1.0, 0.0, 0.762879, 0.0, 0.0, 0.0, 1.0],
                [1.0, 0.0, 0.0, -0.003365, 0.0, 0.0, -1.0, -0.043854, 0.0, 1.0, 0.0, 0.761524, 0.0, 0.0, 0.0, 1.0],
                [1.0, 0.0, 0.0, -0.003365, 0.0, 0.0, -1.0, -0.040283, 0.0, 1.0, 0.0, 0.759649, 0.0, 0.0, 0.0, 1.0],
                [1.0, 0.0, 0.0, -0.003365, 0.0, 0.0, -1.0, -0.036091, 0.0, 1.0, 0.0, 0.757273, 0.0, 0.0, 0.0, 1.0],
                [1.0, 0.0, 0.0, -0.003365, 0.0, 0.0, -1.0, -0.031454, 0.0, 1.0, 0.0, 0.754422, 0.0, 0.0, 0.0, 1.0],
                [1.0, 0.0, 0.0, -0.003365, 0.0, 0.0, -1.0, -0.02655, 0.0, 1.0, 0.0, 0.751129, 0.0, 0.0, 0.0, 1.0],
                [1.0, 0.0, 0.0, -0.003365, 0.0, 0.0, -1.0, -0.021557, 0.0, 1.0, 0.0, 0.747428, 0.0, 0.0, 0.0, 1.0],
                [1.0, 0.0, 0.0, -0.003365, 0.0, 0.0, -1.0, -0.016654, 0.0, 1.0, 0.0, 0.743361, 0.0, 0.0, 0.0, 1.0],
                [1.0, 0.0, 0.0, -0.003365, 0.0, 0.0, -1.0, -0.012017, 0.0, 1.0, 0.0, 0.738972, 0.0, 0.0, 0.0, 1.0],
                [1.0, 0.0, 0.0, -0.003365, 0.0, 0.0, -1.0, -0.007824, 0.0, 1.0, 0.0, 0.734308, 0.0, 0.0, 0.0, 1.0],
                [1.0, 0.0, 0.0, -0.003365, 0.0, 0.0, -1.0, -0.004254, 0.0, 1.0, 0.0, 0.729422, 0.0, 0.0, 0.0, 1.0],
                [1.0, 0.0, 0.0, -0.003365, 0.0, 0.0, -1.0, -0.001483, 0.0, 1.0, 0.0, 0.724367, 0.0, 0.0, 0.0, 1.0],
                [1.0, 0.0, 0.0, -0.003365, 0.0, 0.0, -1.0, 0.000309, 0.0, 1.0, 0.0, 0.719198, 0.0, 0.0, 0.0, 1.0],
                [1.0, 0.0, 0.0, -0.003365, 0.0, 0.0, -1.0, 0.000946, 0.0, 1.0, 0.0, 0.713972, 0.0, 0.0, 0.0, 1.0]
            ]
        },
        {
            "name": "Thigh_R",
            "time": [0.0, 0.0167, 0.0333, 0.05, 0.0667, 0.0833, 0.1, 0.1167, 0.1333, 0.15, 0.1667, 0.1833, 0.2, 0.2167, 0.2333, 0.25, 0.2667, 0.2833, 0.3, 0.3167, 0.3333, 0.35, 0.3667, 0.3833, 0.4, 0.4167, 0.4333, 0.45, 0.4667, 0.4833, 0.5, 0.5167, 0.5333, 0.55, 0.5667, 0.5833, 0.6, 0.6167, 0.6333, 0.65, 0.6667, 0.6833, 0.7, 0.7167, 0.7333, 0.75, 0.7667, 0.7833, 0.8, 0.8167, 0.8333, 0.85, 0.8667, 0.8833, 0.9, 0.9167, 0.9333, 0.95, 0.9667, 0.9833, 1.0],
            "transform": [
                [1.0, -0.0, -0.0, 0.124994, -1e-06, -0.939691, -0.34202, 0.047169, 0.0, 0.342019, -0.939693, 0.099988, 0.0, 0.0, 0.0, 1.0],
                [1.0, -0.0, -0.0, 0.124994, -0.0, -0.931472, -0.357702, 0.047007, 0.0, 0.356804, -0.933818, 0.096166, 0.0, 0.0, 0.0, 1.0],
                [1.0, -0.0, -0.0, 0.124994, -0.0, -0.918431, -0.374124, 0.046536, 0.0, 0.370543, -0.927307, 0.08541, 0.0, 0.0, 0.0, 1.0],
                [1.0, -0.0, -0.0, 0.124994, -0.0, -0.901277, -0.391259, 0.045778, 0.0, 0.383244, -0.920126, 0.068788, 0.0, 0.0, 0.0, 1.0],
                [1.0, -0.0, -0.0, 0.124994, -0.0, -0.880735, -0.409034, 0.044755, 0.0, 0.394901, -0.912257, 0.047366, 0.0, 0.0, 0.0, 1.0],
                [1.0, -0.0, -0.0, 0.124994, -0.0, -0.857561, -0.427298, 0.043489, 0.0, 0.405474, -0.903719, 0.02221, 0.0, 0.0, 0.0, 1.0],
                [1.0, -0.0, -0.0, 0.124994, -0.0, -0.832573, -0.445754, 0.042002, 0.0, 0.41484, -0.894618, -0.005612, 0.0, 0.0, 0.0, 1.0],
                [1.0, -0.0, -0.0, 0.124994, -0.0, -0.806718, -0.463835, 0.040316, 0.0, 0.422699, -0.885227, -0.035034, 0.0, 0.0, 0.0, 1.0],
                [1.0, -0.0, -0.0, 0.124994, -0.0, -0.781199, -0.480468, 0.038453, 0.0, 0.428396, -0.876155, -0.06499, 0.0, 0.0, 0.0, 1.0],
                [1.0, -0.0, -0.0, 0.124994, -0.0, -0.75769, -0.493663, 0.036435, 0.0, 0.430611, -0.868634, -0.094412, 0.0, 0.0, 0.0, 1.0],
                [1.0, -0.0, -0.0, 0.124994, -0.0, -0.738548, -0.500042, 0.034285, 0.0, 0.427026, -0.864831, -0.122234, 0.0, 0.0, 0.0, 1.0],
                [1.0, -0.0, -0.0, 0.124994, -0.0, -0.726516, -0.495074, 0.032024, 0.0, 0.414591, -0.867552, -0.14739, 0.0, 0.0, 0.0, 1.0],
                [1.0, -0.0, -0.0, 0.124994, -0.0, -0.72324, -0.47531, 0.029674, 0.0, 0.39134, -0.878425, -0.168812, 0.0, 0.0, 0.0, 1.0],
                [1.0, -0.0, -0.0, 0.124994, -0.0, -0.727956, -0.440998, 0.027257, 0.0, 0.358266, -0.896058, -0.185434, 0.0, 0.0, 0.0, 1.0],
                [1.0, -0.0, -0.0, 0.124994, -0.0, -0.738555, -0.395268, 0.024796, 0.0, 0.318317, -0.917095, -0.19619, 0.0, 0.0, 0.0, 1.0],
                [1.0, -0.0, -0.0, 0.124994, -1e-06, -0.753357, -0.341552, 0.022312, 0.0, 0.274199, -0.938407, -0.200012, 0.0, 0.0, 0.0, 1.0],
                [1.0, -0.0, -0.0, 0.124994, -1e-06, -0.769988, -0.282784, 0.019827, 0.0, 0.227176, -0.958468, -0.199351, 0.0, 0.0, 0.0, 1.0],
                [1.0, -0.0, -0.0, 0.124994, -1e-06, -0.786118, -0.220654, 0.017365, 0.0, 0.177614, -0.976615, -0.197396, 0.0, 0.0, 0.0, 1.0],
                [1.0, -0.0, -0.0, 0.124994, -1e-06, -0.800923, -0.156753, 0.014945, 0.0, 0.126574, -0.991885, -0.194207, 0.0, 0.0, 0.0, 1.0],
                [1.0, -0.0, -0.0, 0.124994, -1e-06, -0.813836, -0.093469, 0.012592, 0.0, 0.07579, -1.003672, -0.189862, 0.0, 0.0, 0.0, 1.0],
                [1.0, -0.0, 0.0, 0.124994, -1e-06, -0.824725, -0.0336, 0.010325, 0.0, 0.027384, -1.011943, -0.184458, 0.0, 0.0, 0.0, 1.0],
                [1.0, -0.0, 0.0, 0.124994, -1e-06, -0.833927, 0.020302, 0.008169, 0.0, -0.016643, -1.017259, -0.178111, 0.0, 0.0, 0.0, 1.0],
                [1.0, -0.0, 0.0, 0.124994, -1e-06, -0.842076, 0.06653, 0.006144, 0.0, -0.054895, -1.020541, -0.170946, 0.0, 0.0, 0.0, 1.0],
                [1.0, -0.0, 0.0, 0.124994, -1e-06, -0.849838, 0.10441, 0.004273, 0.0, -0.086759, -1.022733, -0.163097, 0.0, 0.0, 0.0, 1.0],
                [1.0, -0.0, 0.0, 0.124994, -1e-06, -0.857714, 0.134109, 0.002578, 0.0, -0.112271, -1.024555, -0.154703, 0.0, 0.0, 0.0, 1.0],
                [1.0, -0.0, 0.0, 0.124994, -1e-06, -0.865976, 0.156284, 0.00108, 0.0, -0.131854, -1.026426, -0.1459, 0.0, 0.0, 0.0, 1.0],
                [1.0, -0.0, 0.0, 0.124994, -1e-06, -0.87468, 0.171779, -0.000197, 0.0, -0.146089, -1.028495, -0.136819, 0.0, 0.0, 0.0, 1.0],
                [1.0, -0.0, 0.0, 0.124994, -1e-06, -0.883723, 0.181446, -0.001233, 0.0, -0.155571, -1.030712, -0.127584, 0.0, 0.0, 0.0, 1.0],
                [1.0, -0.0, 0.0, 0.124994, -1e-06, -0.8929, 0.18606, -0.002004, 0.0, -0.160841, -1.032901, -0.118307, 0.0, 0.0, 0.0, 1.0],
                [1.0, -0.0, 0.0, 0.124994, -1e-06, -0.901938, 0.186288, -0.00249, 0.0, -0.162369, -1.034808, -0.109087, 0.0, 0.0, 0.0, 1.0],
                [1.0, -1e-06, -0.0, 0.124994, -1e-06, -0.910526, 0.1827, -0.002668, -0.0, -0.160551, -1.03614, -0.100012, 0.0, 0.0, 0.0, 1.0],
                [1.0, -1e-06, -0.0, 0.124994, -1e-06, -0.918563, 0.177114, -0.002683, -0.0, -0.156895, -1.036937, -0.090971, 0.0, 0.0, 0.0, 1.0],
                [1.0, -1e-06, -0.0, 0.124994, -1e-06, -0.926178, 0.170997, -0.002696, -0.0, -0.152655, -1.037462, -0.081823, 0.0, 0.0, 0.0, 1.0],
                [1.0, -1e-06, -0.0, 0.124994, -1e-06, -0.933384, 0.164313, -0.002708, -0.0, -0.14779, -1.037737, -0.072597, 0.0, 0.0, 0.0, 1.0],
                [1.0, -1e-06, -0.0, 0.124994, -1e-06, -0.940197, 0.157023, -0.002717, -0.0, -0.142259, -1.037779, -0.063322, 0.0, 0.0, 0.0, 1.0],
                [1.0, -1e-06, -0.0, 0.124994, -1e-06, -0.946628, 0.149082, -0.002725, -0.0, -0.13601, -1.037608, -0.054026, 0.0, 0.0, 0.0, 1.0],
                [1.0, -1e-06, -0.0, 0.124994, -1e-06, -0.952687, 0.140438, -0.002732, -0.0, -0.12899, -1.037239, -0.044739, 0.0, 0.0, 0.0, 1.0],
                [1.0, -1e-06, -0.0, 0.124994, -1e-06, -0.958384, 0.13103, -0.002737, -0.0, -0.121133, -1.036687, -0.03549, 0.0, 0.0, 0.0, 1.0],
                [1.0, -1e-06, -0.0, 0.124994, -1e-06, -0.963723, 0.120791, -0.002741, -0.0, -0.112368, -1.035963, -0.026308, 0.0, 0.0, 0.0, 1.0],
                [1.0, -1e-06, -0.0, 0.124994, -1e-06, -0.968707, 0.109641, -0.002744, -0.0, -0.102611, -1.035075, -0.017222, 0.0, 0.0, 0.0, 1.0],
                [1.0, -1e-06, -0.0, 0.124994, -1e-06, -0.973333, 0.097489, -0.002746, -0.0, -0.091767, -1.034025, -0.008261, 0.0, 0.0, 0.0, 1.0],
                [1.0, -1e-06, -0.0, 0.124994, -1e-06, -0.977591, 0.084234, -0.002748, -0.0, -0.07973, -1.032811, 0.000546, 0.0, 0.0, 0.0, 1.0],
                [1.0, -1e-06, -0.0, 0.124994, -1e-06, -0.981464, 0.069758, -0.002749, -0.0, -0.06638, -1.03142, 0.00917, 0.0, 0.0, 0.0, 1.0],
                [1.0, -1e-06, -0.0, 0.124994, -1e-06, -0.984923, 0.053933, -0.002749, -0.0, -0.051582, -1.029832, 0.017582, 0.0, 0.0, 0.0, 1.0],
                [1.0, -1e-06, -0.0, 0.124994, -1e-06, -0.987929, 0.03662, -0.002749, -0.0, -0.035192, -1.028013, 0.025752, 0.0, 0.0, 0.0, 1.0],
                [1.0, -1e-06, -0.0, 0.124994, -1e-06, -0.990422, 0.017677, -0.002749, -0.0, -0.017065, -1.02591, 0.033653, 0.0, 0.0, 0.0, 1.0],
                [1.0, -1e-06, -0.0, 0.124994, -1e-06, -0.992328, -0.00303, -0.002113, -0.0, 0.002937, -1.023455, 0.041254, 0.0, 0.0, 0.0, 1.0],
                [1.0, -1e-06, -0.0, 0.124994, -1e-06, -0.993548, -0.025596, -0.000324, -0.0, 0.024918, -1.02056, 0.048527, 0.0, 0.0, 0.0, 1.0],
                [1.0, -1e-06, -0.0, 0.124994, -1e-06, -0.993968, -0.050047, 0.002442, -0.0, 0.048908, -1.017118, 0.055443, 0.0, 0.0, 0.0, 1.0],
                [1.0, -1e-06, -0.0, 0.124994, -1e-06, -0.993467, -0.076281, 0.006007, -0.0, 0.074809, -1.013017, 0.061972, 0.0, 0.0, 0.0, 1.0],
                [1.0, -1e-06, -0.0, 0.124994, -1e-06, -0.991939, -0.104012, 0.010193, -0.0, 0.102339, -1.008163, 0.068086, 0.0, 0.0, 0.0, 1.0],
                [1.0, -1e-06, -0.0, 0.124994, -1e-06, -0.989327, -0.132739, 0.014822, -0.0, 0.130994, -1.002509, 0.073755, 0.0, 0.0, 0.0, 1.0],
                [1.0, -0.0, -0.0, 0.124994, -1e-06, -0.985654, -0.161768, 0.019718, -0.0, 0.160072, -0.996093, 0.078951, 0.0, 0.0, 0.0, 1.0],
                [1.0, -0.0, -0.0, 0.124994, -1e-06, -0.981041, -0.190319, 0.024702, -0.0, 0.188779, -0.989045, 0.083644, 0.0, 0.0, 0.0, 1.0],
                [1.0, -0.0, -0.0, 0.124994, -1e-06, -0.975689, -0.217683, 0.029598, -0.0, 0.216378, -0.981573, 0.087806, 0.0, 0.0, 0.0, 1.0],
                [1.0, -0.0, -0.0, 0.124994, -1e-06, -0.969835, -0.24334, 0.034227, -0.0, 0.242319, -0.973922, 0.091408, 0.0, 0.0, 0.0, 1.0],
                [1.0, -0.0, -0.0, 0.124994, -1e-06, -0.963707, -0.267005, 0.038413, -0.0, 0.266283, -0.966323, 0.094419, 0.0, 0.0, 0.0, 1.0],
                [1.0, -0.0, -0.0, 0.124994, -1e-06, -0.957501, -0.288603, 0.041978, -0.0, 0.28816, -0.958974, 0.096812, 0.0, 0.0, 0.0, 1.0],
                [1.0, -0.0, -0.0, 0.124994, -1e-06, -0.951365, -0.308199, 0.044744, -0.0, 0.307987, -0.95202, 0.098557, 0.0, 0.0, 0.0, 1.0],
                [1.0, -0.0, -0.0, 0.124994, -1e-06, -0.945404, -0.325942, 0.046533, -0.0, 0.325886, -0.94557, 0.099626, 0.0, 0.0, 0.0, 1.0],
                [1.0, -0.0, -0.0, 0.124994, -1e-06, -0.939691, -0.34202, 0.047169, 0.0, 0.342019, -0.939693, 0.099988, 0.0, 0.0, 0.0, 1.0]
            ]
        },
        {
            "name": "Leg_R",
            "time": [0.0, 1.0],
            "transform": [
                [1.0, 0.0, 0.0, 0.0, 0.0, 1.000001, 0.0, 0.37472, 0.0, 0.0, 0.999999, -0.0, 0.0, 0.0, 0.0, 1.0],
                [1.0, 0.0, 0.0, 0.0, 0.0, 1.000001, 0.0, 0.37472, 0.0, 0.0, 0.999999, -0.0, 0.0, 0.0, 0.0, 1.0]
            ]
        },
        {
            "name": "Knee_R",
            "time": [0.0, 1.0],
            "transform": [
                [1.0, 0.0, -0.0, -0.0, -0.0, 0.0, -1.0, 0.37472, -0.0, 1.0, 0.0, 0.0, 0.0, 0.0, 0.0, 1.0],
                [1.0, 0.0, -0.0, -0.0, -0.0, 0.0, -1.0, 0.37472, -0.0, 1.0, 0.0, 0.0, 0.0, 0.0, 0.0, 1.0]
            ]
        },
        {
            "name": "Thigh_L",
            "time": [0.0, 0.0167, 0.0333, 0.05, 0.0667, 0.0833, 0.1, 0.1167, 0.1333, 0.15, 0.1667, 0.1833, 0.2, 0.2167, 0.2333, 0.25, 0.2667, 0.2833, 0.3, 0.3167, 0.3333, 0.35, 0.3667, 0.3833, 0.4, 0.4167, 0.4333, 0.45, 0.4667, 0.4833, 0.5, 0.5167, 0.5333, 0.55, 0.5667, 0.5833, 0.6, 0.6167, 0.6333, 0.65, 0.6667, 0.6833, 0.7, 0.7167, 0.7333, 0.75, 0.7667, 0.7833, 0.8, 0.8167, 0.8333, 0.85, 0.8667, 0.8833, 0.9, 0.9167, 0.9333, 0.95, 0.9667, 0.9833, 1.0],
            "transform": [
                [1.0, -0.0, -0.0, -0.125006, -0.0, -0.910526, 0.1827, -0.002831, -0.0, -0.160551, -1.03614, -0.100012, 0.0, 0.0, 0.0, 1.0],
                [1.0, -0.0, -0.0, -0.125006, -0.0, -0.914008, 0.160373, -0.003149, -0.0, -0.140989, -1.039667, -0.09936, 0.0, 0.0, 0.0, 1.0],
                [1.0, -0.0, -0.0, -0.125006, -0.0, -0.917452, 0.138648, -0.004046, -0.0, -0.122039, -1.042313, -0.097464, 0.0, 0.0, 0.0, 1.0],
                [1.0, -0.0, -0.0, -0.125006, -0.0, -0.920868, 0.117533, -0.005431, -0.0, -0.103657, -1.044144, -0.094412, 0.0, 0.0, 0.0, 1.0],
                [1.0, -0.0, -0.0, -0.125006, -0.0, -0.924264, 0.097025, -0.007216, -0.0, -0.085797, -1.045224, -0.090293, 0.0, 0.0, 0.0, 1.0],
                [1.0, -0.0, -0.0, -0.125006, -0.0, -0.92764, 0.077114, -0.009312, -0.0, -0.068413, -1.045613, -0.085197, 0.0, 0.0, 0.0, 1.0],
                [1.0, -0.0, -0.0, -0.125006, -0.0, -0.930995, 0.05778, -0.011631, -0.0, -0.051458, -1.045371, -0.079212, 0.0, 0.0, 0.0, 1.0],
                [1.0, -0.0, -0.0, -0.125006, -0.0, -0.934324, 0.038997, -0.014083, -0.0, -0.034882, -1.04455, -0.072427, 0.0, 0.0, 0.0, 1.0],
                [1.0, -0.0, -0.0, -0.125006, -0.0, -0.937617, 0.020733, -0.016579, -0.0, -0.018634, -1.043203, -0.06493, 0.0, 0.0, 0.0, 1.0],
                [1.0, -0.0, -0.0, -0.125006, -0.0, -0.94086, 0.002949, -0.019031, -0.0, -0.002665, -1.041378, -0.056812, 0.0, 0.0, 0.0, 1.0],
                [1.0, -0.0, -0.0, -0.125006, -0.0, -0.944036, -0.014396, -0.021349, -0.0, 0.013079, -1.039119, -0.04816, 0.0, 0.0, 0.0, 1.0],
                [1.0, -0.0, -0.0, -0.125006, -0.0, -0.947124, -0.031351, -0.023446, -0.0, 0.028648, -1.036465, -0.039064, 0.0, 0.0, 0.0, 1.0],
                [1.0, -0.0, -0.0, -0.125006, -0.0, -0.950099, -0.047963, -0.025231, -0.0, 0.044095, -1.033452, -0.029612, 0.0, 0.0, 0.0, 1.0],
                [1.0, -0.0, -0.0, -0.125006, -0.0, -0.952933, -0.064285, -0.026616, -0.0, 0.059468, -1.030113, -0.019893, 0.0, 0.0, 0.0, 1.0],
                [1.0, -0.0, -0.0, -0.125006, -0.0, -0.955595, -0.080367, -0.027512, -0.0, 0.074818, -1.026477, -0.009997, 0.0, 0.0, 0.0, 1.0],
                [1.0, -0.0, -0.0, -0.125006, -0.0, -0.958049, -0.096263, -0.027831, -0.0, 0.09019, -1.022567, -1.2e-05, 0.0, 0.0, 0.0, 1.0],
                [1.0, -0.0, -0.0, -0.125006, -0.0, -0.960258, -0.112025, -0.027186, -0.0, 0.105628, -1.018407, 0.009973, 0.0, 0.0, 0.0, 1.0],
                [1.0, -0.0, -0.0, -0.125006, -0.0, -0.962183, -0.127701, -0.025342, -0.0, 0.121174, -1.014014, 0.01987, 0.0, 0.0, 0.0, 1.0],
                [1.0, -0.0, -0.0, -0.125006, -0.0, -0.963779, -0.143342, -0.022431, -0.0, 0.136863, -1.009403, 0.029588, 0.0, 0.0, 0.0, 1.0],
                [1.0, -0.0, -0.0, -0.125006, -0.0, -0.965001, -0.158993, -0.018586, -0.0, 0.152728, -1.004588, 0.03904, 0.0, 0.0, 0.0, 1.0],
                [1.0, -0.0, -0.0, -0.125006, -0.0, -0.965803, -0.174699, -0.013942, -0.0, 0.168796, -0.999579, 0.048136, 0.0, 0.0, 0.0, 1.0],
                [1.0, -0.0, -0.0, -0.125006, -0.0, -0.966137, -0.190499, -0.008631, -0.0, 0.185087, -0.994383, 0.056788, 0.0, 0.0, 0.0, 1.0],
                [1.0, -0.0, -0.0, -0.125006, -0.0, -0.96595, -0.206431, -0.002786, -0.0, 0.201618, -0.989007, 0.064907, 0.0, 0.0, 0.0, 1.0],
                [1.0, -0.0, -0.0, -0.125006, -0.0, -0.965194, -0.222529, 0.003458, -0.0, 0.218398, -0.983454, 0.072403, 0.0, 0.0, 0.0, 1.0],
                [1.0, -0.0, -0.0, -0.125006, -0.0, -0.963817, -0.238824, 0.009969, -0.0, 0.235427, -0.977727, 0.079188, 0.0, 0.0, 0.0, 1.0],
                [1.0, -0.0, -0.0, -0.125006, -0.0, -0.961767, -0.255343, 0.016614, -0.0, 0.2527, -0.971826, 0.085173, 0.0, 0.0, 0.0, 1.0],
                [1.0, -0.0, -0.0, -0.125006, -0.0, -0.958993, -0.27211, 0.023258, -0.0, 0.270205, -0.965753, 0.09027, 0.0, 0.0, 0.0, 1.0],
                [1.0, -0.0, -0.0, -0.125006, -0.0, -0.955446, -0.289145, 0.029769, -0.0, 0.287922, -0.959505, 0.094388, 0.0, 0.0, 0.0, 1.0],
                [1.0, -0.0, -0.0, -0.125006, -0.0, -0.951077, -0.306465, 0.036014, -0.0, 0.305821, -0.953081, 0.09744, 0.0, 0.0, 0.0, 1.0],
                [1.0, -0.0, -0.0, -0.125006, -0.0, -0.94584, -0.324087, 0.041858, -0.0, 0.323868, -0.946478, 0.099336, 0.0, 0.0, 0.0, 1.0],
                [1.0, -0.0, -0.0, -0.125006, -0.0, -0.939691, -0.34202, 0.047169, -0.0, 0.342019, -0.939693, 0.099988, 0.0, 0.0, 0.0, 1.0],
                [1.0, -0.0, -0.0, -0.125006, -0.0, -0.930579, -0.359946, 0.051843, -0.0, 0.359128, -0.932699, 0.096166, 0.0, 0.0, 0.0, 1.0],
                [1.0, -0.0, -0.0, -0.125006, -0.0, -0.917037, -0.377438, 0.055895, -0.0, 0.373979, -0.925519, 0.08541, 0.0, 0.0, 0.0, 1.0],
                [1.0, -0.0, -0.0, -0.125006, -0.0, -0.899915, -0.394305, 0.059369, -0.0, 0.386431, -0.918253, 0.068788, 0.0, 0.0, 0.0, 1.0],
                [1.0, -0.0, -0.0, -0.125006, -0.0, -0.880091, -0.410278, 0.06231, -0.0, 0.396336, -0.911052, 0.047366, 0.0, 0.0, 0.0, 1.0],
                [1.0, -0.0, -0.0, -0.125006, -0.0, -0.858483, -0.42498, 0.064762, -0.0, 0.40352, -0.904139, 0.02221, 0.0, 0.0, 0.0, 1.0],
                [1.0, -0.0, -0.0, -0.125006, -0.0, -0.836068, -0.437877, 0.066769, -0.0, 0.407751, -0.897842, -0.005612, 0.0, 0.0, 0.0, 1.0],
                [1.0, -0.0, -0.0, -0.125006, -0.0, -0.813901, -0.448226, 0.068377, -0.0, 0.408697, -0.892622, -0.035034, 0.0, 0.0, 0.0, 1.0],
                [1.0, -0.0, -0.0, -0.125006, -0.0, -0.793115, -0.455033, 0.069629, -0.0, 0.405911, -0.889094, -0.06499, 0.0, 0.0, 0.0, 1.0],
                [1.0, -0.0, -0.0, -0.125006, -0.0, -0.77487, -0.457093, 0.070569, -0.0, 0.398869, -0.887979, -0.094412, 0.0, 0.0, 0.0, 1.0],
                [1.0, -0.0, -0.0, -0.125006, -0.0, -0.760217, -0.453194, 0.071243, -0.0, 0.387136, -0.889934, -0.122234, 0.0, 0.0, 0.0, 1.0],
                [1.0, -0.0, -0.0, -0.125006, -0.0, -0.74988, -0.442523, 0.071695, -0.0, 0.370663, -0.89526, -0.14739, 0.0, 0.0, 0.0, 1.0],
                [1.0, -0.0, -0.0, -0.125006, -0.0, -0.74412, -0.425057, 0.071969, -0.0, 0.350012, -0.903667, -0.168812, 0.0, 0.0, 0.0, 1.0],
                [1.0, -0.0, -0.0, -0.125006, -0.0, -0.742849, -0.401583, 0.07211, -0.0, 0.326267, -0.914332, -0.185434, 0.0, 0.0, 0.0, 1.0],
                [1.0, -0.0, -0.0, -0.125006, -0.0, -0.745919, -0.373331, 0.072162, -0.0, 0.300656, -0.926224, -0.19619, 0.0, 0.0, 0.0, 1.0],
                [1.0, -0.0, -0.0, -0.125006, -0.0, -0.753357, -0.341552, 0.072169, -0.0, 0.274199, -0.938407, -0.200012, 0.0, 0.0, 0.0, 1.0],
                [1.0, -0.0, -0.0, -0.125006, -0.0, -0.766037, -0.300722, 0.071214, -0.0, 0.241727, -0.952992, -0.198738, 0.0, 0.0, 0.0, 1.0],
                [1.0, -0.0, -0.0, -0.125006, -0.0, -0.783662, -0.24233, 0.068525, -0.0, 0.195484, -0.971463, -0.195153, 0.0, 0.0, 0.0, 1.0],
                [1.0, -0.0, -0.0, -0.125006, -0.0, -0.80339, -0.165178, 0.064369, -0.0, 0.133973, -0.990517, -0.189612, 0.0, 0.0, 0.0, 1.0],
                [1.0, -0.0, -0.0, -0.125006, -0.0, -0.820981, -0.074904, 0.059014, -0.0, 0.061175, -1.005228, -0.182471, 0.0, 0.0, 0.0, 1.0],
                [1.0, -0.0, -0.0, -0.125006, -0.0, -0.83347, 0.014898, 0.052725, -0.0, -0.012265, -1.012391, -0.174086, 0.0, 0.0, 0.0, 1.0],
                [1.0, -0.0, -0.0, -0.125006, -0.0, -0.841556, 0.091164, 0.045769, -0.0, -0.075707, -1.013369, -0.164812, 0.0, 0.0, 0.0, 1.0],
                [1.0, -0.0, -0.0, -0.125006, -0.0, -0.847884, 0.148809, 0.038414, -0.0, -0.124698, -1.011823, -0.155004, 0.0, 0.0, 0.0, 1.0],
                [1.0, -0.0, -0.0, -0.125006, -0.0, -0.854478, 0.188869, 0.030925, -0.0, -0.159699, -1.010551, -0.145019, 0.0, 0.0, 0.0, 1.0],
                [1.0, -0.0, -0.0, -0.125006, -0.0, -0.862157, 0.214322, 0.023569, -0.0, -0.182801, -1.010823, -0.135212, 0.0, 0.0, 0.0, 1.0],
                [1.0, -0.0, -0.0, -0.125006, -0.0, -0.870918, 0.228045, 0.016614, -0.0, -0.196079, -1.012902, -0.125938, 0.0, 0.0, 0.0, 1.0],
                [1.0, -0.0, -0.0, -0.125006, -0.0, -0.880326, 0.232303, 0.010325, -0.0, -0.201176, -1.016536, -0.117553, 0.0, 0.0, 0.0, 1.0],
                [1.0, -0.0, -0.0, -0.125006, -0.0, -0.889741, 0.228784, 0.004969, -0.0, -0.199323, -1.021248, -0.110412, 0.0, 0.0, 0.0, 1.0],
                [1.0, -0.0, -0.0, -0.125006, -0.0, -0.898428, 0.218743, 0.000814, -0.0, -0.191455, -1.026477, -0.104871, 0.0, 0.0, 0.0, 1.0],
                [1.0, -0.0, -0.0, -0.125006, -0.0, -0.905618, 0.20313, -0.001875, -0.0, -0.178317, -1.031634, -0.101286, 0.0, 0.0, 0.0, 1.0],
                [1.0, -0.0, -0.0, -0.125006, -0.0, -0.910526, 0.1827, -0.002831, -0.0, -0.160551, -1.03614, -0.100012, 0.0, 0.0, 0.0, 1.0]
            ]
        },
        {
            "name": "Leg_L",
            "time": [0.0, 1.0],
            "transform": [
                [1.0, 0.0, 0.0, 0.0, 0.0, 1.0, -0.0, 0.37472, 0.0, -0.0, 1.0, 0.0, 0.0, 0.0, 0.0, 1.0],
                [1.0, 0.0, -0.0, 0.0, 0.0, 1.0, -0.0, 0.37472, 0.0, -0.0, 1.0, 0.0, 0.0, 0.0, 0.0, 1.0]
            ]
        },
        {
            "name": "Knee_L",
            "time": [0.0, 1.0],
            "transform": [
                [1.0, 0.0, -0.0, 0.0, -0.0, 0.0, -1.0, 0.37472, -0.0, 1.0, 0.0, 0.0, 0.0, 0.0, 0.0, 1.0],
                [1.0, 0.0, -0.0, -0.0, -0.0, 0.0, -1.0, 0.37472, -0.0, 1.0, 0.0, 0.0, 0.0, 0.0, 0.0, 1.0]
            ]
        },
        {
            "name": "Torso",
            "time": [0.0, 0.0167, 0.0333, 0.05, 0.0667, 0.0833, 0.1, 0.1167, 0.1333, 0.15, 0.1667, 0.1833, 0.2, 0.2167, 0.2333, 0.25, 0.2667, 0.2833, 0.3, 0.3167, 0.3333, 0.35, 0.3667, 0.3833, 0.4, 0.4167, 0.4333, 0.45, 0.4667, 0.4833, 0.5, 0.5167, 0.5333, 0.55, 0.5667, 0.5833, 0.6, 0.6167, 0.6333, 0.65, 0.6667, 0.6833, 0.7, 0.7167, 0.7333, 0.75, 0.7667, 0.7833, 0.8, 0.8167, 0.8333, 0.85, 0.8667, 0.8833, 0.9, 0.9167, 0.9333, 0.95, 0.9667, 0.9833, 1.0],
            "transform": [
                [0.906308, -0.0, -0.422618, 0.0, -0.014749, 0.999391, -0.03163, 0.05, 0.422361, 0.034899, 0.905756, 0.0, 0.0, 0.0, 0.0, 1.0],
                [0.907221, -0.007158, -0.420593, 0.0, -0.007499, 0.999421, -0.033183, 0.05, 0.420587, 0.033259, 0.906642, 0.0, 0.0, 0.0, 0.0, 1.0],
                [0.909823, -0.014455, -0.414745, 0.0, 2.4e-05, 0.999395, -0.034778, 0.05, 0.414997, 0.031632, 0.909273, 0.0, 0.0, 0.0, 0.0, 1.0],
                [0.914018, -0.021616, -0.405098, 0.0, 0.007543, 0.999312, -0.036304, 0.05, 0.405604, 0.030127, 0.913552, 0.0, 0.0, 0.0, 0.0, 1.0],
                [0.919656, -0.028557, -0.391686, 0.0, 0.014971, 0.999177, -0.037696, 0.05, 0.39244, 0.028804, 0.919326, 0.0, 0.0, 0.0, 0.0, 1.0],
                [0.926532, -0.035231, -0.374563, 0.0, 0.02226, 0.998995, -0.038902, 0.05, 0.375558, 0.027706, 0.926385, 0.0, 0.0, 0.0, 0.0, 1.0],
                [0.93439, -0.041598, -0.353814, 0.0, 0.029365, 0.998773, -0.039876, 0.05, 0.355039, 0.02687, 0.934465, 0.0, 0.0, 0.0, 0.0, 1.0],
                [0.942934, -0.047618, -0.329557, 0.0, 0.036241, 0.998519, -0.040583, 0.05, 0.331002, 0.026323, 0.943263, 0.0, 0.0, 0.0, 0.0, 1.0],
                [0.951834, -0.053237, -0.301958, 0.0, 0.042829, 0.998241, -0.040991, 0.05, 0.303609, 0.026084, 0.95244, 0.0, 0.0, 0.0, 0.0, 1.0],
                [0.960741, -0.058396, -0.271233, 0.0, 0.049061, 0.997951, -0.04108, 0.05, 0.273076, 0.02616, 0.961637, 0.0, 0.0, 0.0, 0.0, 1.0],
                [0.969303, -0.063018, -0.237658, 0.0, 0.054849, 0.997659, -0.04084, 0.05, 0.239675, 0.026551, 0.97049, 0.0, 0.0, 0.0, 0.0, 1.0],
                [0.977179, -0.067009, -0.201571, 0.0, 0.060087, 0.99738, -0.040273, 0.05, 0.203742, 0.027242, 0.978646, 0.0, 0.0, 0.0, 0.0, 1.0],
                [0.98406, -0.070254, -0.163373, 0.0, 0.064646, 0.99713, -0.039396, 0.05, 0.165672, 0.028207, 0.985777, 0.0, 0.0, 0.0, 0.0, 1.0],
                [0.989682, -0.072605, -0.123519, 0.0, 0.068364, 0.996927, -0.038242, 0.05, 0.125916, 0.029403, 0.991605, 0.0, 0.0, 0.0, 0.0, 1.0],
                [0.993848, -0.073874, -0.082517, 0.0, 0.071032, 0.996793, -0.036862, 0.05, 0.084975, 0.030774, 0.995908, 0.0, 0.0, 0.0, 0.0, 1.0],
                [0.996434, -0.073798, -0.040907, 0.0, 0.072371, 0.996752, -0.035329, 0.05, 0.043381, 0.032243, 0.998538, 0.0, 0.0, 0.0, 0.0, 1.0],
                [0.997361, -0.072607, 0.00048, 0.0, 0.072583, 0.996813, -0.033091, 0.05, 0.001924, 0.033038, 0.999452, 0.0, 0.0, 0.0, 0.0, 1.0],
                [0.996632, -0.0708, 0.041372, 0.0, 0.072102, 0.996919, -0.030876, 0.05, -0.039059, 0.033755, 0.998667, 0.0, 0.0, 0.0, 0.0, 1.0],
                [0.994345, -0.068418, 0.081225, 0.0, 0.070954, 0.997066, -0.028743, 0.05, -0.07902, 0.034344, 0.996281, 0.0, 0.0, 0.0, 0.0, 1.0],
                [0.990668, -0.065506, 0.119524, 0.0, 0.069167, 0.997247, -0.026743, 0.05, -0.117443, 0.03476, 0.992471, 0.0, 0.0, 0.0, 0.0, 1.0],
                [0.985835, -0.062109, 0.155797, 0.0, 0.066779, 0.997457, -0.024921, 0.05, -0.153853, 0.034972, 0.987475, 0.0, 0.0, 0.0, 0.0, 1.0],
                [0.980126, -0.058274, 0.189625, 0.0, 0.063829, 0.997689, -0.023312, 0.05, -0.187828, 0.034953, 0.98158, 0.0, 0.0, 0.0, 0.0, 1.0],
                [0.973855, -0.054047, 0.220648, 0.0, 0.060356, 0.997936, -0.021944, 0.05, -0.219006, 0.034688, 0.975107, 0.0, 0.0, 0.0, 0.0, 1.0],
                [0.967351, -0.04947, 0.248564, 0.0, 0.056401, 0.998191, -0.020833, 0.05, -0.247083, 0.034172, 0.968392, 0.0, 0.0, 0.0, 0.0, 1.0],
                [0.960943, -0.044582, 0.273131, 0.0, 0.052002, 0.998447, -0.019984, 0.05, -0.271816, 0.033407, 0.961769, 0.0, 0.0, 0.0, 0.0, 1.0],
                [0.954943, -0.039416, 0.294161, 0.0, 0.047197, 0.998697, -0.019396, 0.05, -0.293013, 0.032406, 0.955559, 0.0, 0.0, 0.0, 0.0, 1.0],
                [0.949634, -0.034, 0.311511, 0.0, 0.042017, 0.998935, -0.019057, 0.05, -0.310532, 0.031186, 0.950051, 0.0, 0.0, 0.0, 0.0, 1.0],
                [0.945261, -0.028357, 0.325081, 0.0, 0.03649, 0.999155, -0.018946, 0.05, -0.324269, 0.029771, 0.945496, 0.0, 0.0, 0.0, 0.0, 1.0],
                [0.942021, -0.022505, 0.334799, 0.0, 0.03064, 0.999349, -0.019037, 0.05, -0.334153, 0.028192, 0.942097, 0.0, 0.0, 0.0, 0.0, 1.0],
                [0.940056, -0.016454, 0.340622, 0.0, 0.024487, 0.999514, -0.019297, 0.05, -0.340139, 0.026481, 0.940002, 0.0, 0.0, 0.0, 0.0, 1.0],
                [0.939453, -0.010216, 0.342526, 0.0, 0.018048, 0.999643, -0.019688, 0.05, -0.342202, 0.024678, 0.939302, 0.0, 0.0, 0.0, 0.0, 1.0],
                [0.940241, -0.003589, 0.34049, 0.0, 0.011554, 0.999705, -0.021368, 0.05, -0.340313, 0.024025, 0.940005, 0.0, 0.0, 0.0, 0.0, 1.0],
                [0.94239, 0.003166, 0.334502, 0.0, 0.004836, 0.999722, -0.023085, 0.05, -0.334482, 0.023372, 0.942112, 0.0, 0.0, 0.0, 0.0, 1.0],
                [0.945804, 0.009977, 0.324584, 0.0, -0.002041, 0.999691, -0.024781, 0.05, -0.32473, 0.022776, 0.945532, 0.0, 0.0, 0.0, 0.0, 1.0],
                [0.950334, 0.016757, 0.31078, 0.0, -0.008993, 0.999611, -0.026399, 0.05, -0.311101, 0.022293, 0.950115, 0.0, 0.0, 0.0, 0.0, 1.0],
                [0.955776, 0.023406, 0.293162, 0.0, -0.015925, 0.999485, -0.02788, 0.05, -0.293663, 0.021978, 0.955656, 0.0, 0.0, 0.0, 0.0, 1.0],
                [0.961882, 0.02982, 0.271833, 0.0, -0.022737, 0.999316, -0.029171, 0.05, -0.272517, 0.021878, 0.961902, 0.0, 0.0, 0.0, 0.0, 1.0],
                [0.968365, 0.035899, 0.246941, 0.0, -0.02933, 0.999113, -0.030229, 0.05, -0.247807, 0.02203, 0.968559, 0.0, 0.0, 0.0, 0.0, 1.0],
                [0.974912, 0.041555, 0.218677, 0.0, -0.035618, 0.998884, -0.031024, 0.05, -0.219722, 0.022457, 0.975304, 0.0, 0.0, 0.0, 0.0, 1.0],
                [0.981193, 0.046716, 0.18729, 0.0, -0.041527, 0.99864, -0.031537, 0.05, -0.188508, 0.023167, 0.981798, 0.0, 0.0, 0.0, 0.0, 1.0],
                [0.986879, 0.05133, 0.153086, 0.0, -0.047002, 0.99839, -0.031766, 0.05, -0.15447, 0.024154, 0.987702, 0.0, 0.0, 0.0, 0.0, 1.0],
                [0.991654, 0.055366, 0.116433, 0.0, -0.052004, 0.998143, -0.031718, 0.05, -0.117973, 0.025398, 0.992692, 0.0, 0.0, 0.0, 0.0, 1.0],
                [0.995236, 0.058809, 0.077756, 0.0, -0.056512, 0.997908, -0.031414, 0.05, -0.079441, 0.02687, 0.996477, 0.0, 0.0, 0.0, 0.0, 1.0],
                [0.997391, 0.061658, 0.037535, 0.0, -0.060515, 0.99769, -0.030884, 0.05, -0.039352, 0.028532, 0.998818, 0.0, 0.0, 0.0, 0.0, 1.0],
                [0.997948, 0.063928, -0.00371, 0.0, -0.064011, 0.997493, -0.030163, 0.05, 0.001772, 0.030338, 0.999538, 0.0, 0.0, 0.0, 0.0, 1.0],
                [0.996809, 0.065641, -0.045426, 0.0, -0.06701, 0.997322, -0.029292, 0.05, 0.043381, 0.032243, 0.998538, 0.0, 0.0, 0.0, 0.0, 1.0],
                [0.994015, 0.066306, -0.086816, 0.0, -0.068973, 0.997223, -0.028091, 0.05, 0.084712, 0.03391, 0.995828, 0.0, 0.0, 0.0, 0.0, 1.0],
                [0.98966, 0.065614, -0.127549, 0.0, -0.069583, 0.997213, -0.026909, 0.05, 0.125428, 0.035506, 0.991467, 0.0, 0.0, 0.0, 0.0, 1.0],
                [0.983872, 0.063827, -0.167097, 0.0, -0.069083, 0.997277, -0.025827, 0.05, 0.164994, 0.036954, 0.985602, 0.0, 0.0, 0.0, 0.0, 1.0],
                [0.976858, 0.06114, -0.204966, 0.0, -0.067651, 0.997398, -0.024907, 0.05, 0.202909, 0.038197, 0.978452, 0.0, 0.0, 0.0, 0.0, 1.0],
                [0.968881, 0.057705, -0.240707, 0.0, -0.065425, 0.997564, -0.024198, 0.05, 0.238725, 0.039193, 0.970296, 0.0, 0.0, 0.0, 0.0, 1.0],
                [0.960252, 0.053645, -0.273931, 0.0, -0.062512, 0.997762, -0.023735, 0.05, 0.272045, 0.039916, 0.961456, 0.0, 0.0, 0.0, 0.0, 1.0],
                [0.95131, 0.049059, -0.304306, 0.0, -0.058997, 0.997981, -0.023544, 0.05, 0.302537, 0.040351, 0.952283, 0.0, 0.0, 0.0, 0.0, 1.0],
                [0.942405, 0.044027, -0.331562, 0.0, -0.054951, 0.998209, -0.023638, 0.05, 0.329928, 0.040496, 0.943137, 0.0, 0.0, 0.0, 0.0, 1.0],
                [0.933884, 0.038614, -0.355486, 0.0, -0.050426, 0.998439, -0.02402, 0.05, 0.354003, 0.040358, 0.934373, 0.0, 0.0, 0.0, 0.0, 1.0],
                [0.926071, 0.032868, -0.375915, 0.0, -0.045465, 0.998661, -0.024687, 0.05, 0.374601, 0.039953, 0.926325, 0.0, 0.0, 0.0, 0.0, 1.0],
                [0.919261, 0.026825, -0.392734, 0.0, -0.040096, 0.998867, -0.025626, 0.05, 0.391601, 0.039304, 0.919295, 0.0, 0.0, 0.0, 0.0, 1.0],
                [0.913706, 0.020509, -0.405858, 0.0, -0.034337, 0.999051, -0.026818, 0.05, 0.404923, 0.03844, 0.913542, 0.0, 0.0, 0.0, 0.0, 1.0],
                [0.909608, 0.013933, -0.415234, 0.0, -0.028196, 0.999204, -0.028237, 0.05, 0.41451, 0.037392, 0.909276, 0.0, 0.0, 0.0, 0.0, 1.0],
                [0.907113, 0.007099, -0.420828, 0.0, -0.02167, 0.999319, -0.029853, 0.05, 0.420329, 0.036199, 0.906649, 0.0, 0.0, 0.0, 0.0, 1.0],
                [0.906308, 0.0, -0.422618, 0.0, -0.014749, 0.999391, -0.03163, 0.05, 0.422361, 0.034899, 0.905756, 0.0, 0.0, 0.0, 0.0, 1.0]
            ]
        },
        {
            "name": "Chest",
            "time": [0.0, 1.0],
            "transform": [
                [1.0, 0.0, 0.0, -0.0, 0.0, 1.0, -0.0, 0.3, -0.0, 0.0, 1.0, -0.0, 0.0, 0.0, 0.0, 1.0],
                [1.0, -0.0, 0.0, -0.0, -0.0, 1.0, -0.0, 0.3, -0.0, 0.0, 1.0, 0.0, 0.0, 0.0, 0.0, 1.0]
            ]
        },
        {
            "name": "Head",
            "time": [0.0, 0.0167, 0.0333, 0.05, 0.0667, 0.0833, 0.1, 0.1167, 0.1333, 0.15, 0.1667, 0.1833, 0.2, 0.2167, 0.2333, 0.25, 0.2667, 0.2833, 0.3, 0.3167, 0.3333, 0.35, 0.3667, 0.3833, 0.4, 0.4167, 0.4333, 0.45, 0.4667, 0.4833, 0.5, 0.5167, 0.5333, 0.55, 0.5667, 0.5833, 0.6, 0.6167, 0.6333, 0.65, 0.6667, 0.6833, 0.7, 0.7167, 0.7333, 0.75, 0.7667, 0.7833, 0.8, 0.8167, 0.8333, 0.85, 0.8667, 0.8833, 0.9, 0.9167, 0.9333, 0.95, 0.9667, 0.9833, 1.0],
            "transform": [
                [0.855018, -0.163392, 0.492186, -0.002716, 0.118427, 0.98551, 0.121431, 0.400144, -0.504895, -0.045538, 0.861979, 0.000782, 0.0, 0.0, 0.0, 1.0],
                [0.857004, -0.156183, 0.491072, -0.002748, 0.11145, 0.986585, 0.11928, 0.400043, -0.503114, -0.047494, 0.862914, 0.00075, 0.0, 0.0, 0.0, 1.0],
                [0.86111, -0.148587, 0.486221, -0.002842, 0.104214, 0.98762, 0.117246, 0.399882, -0.497623, -0.050291, 0.865934, 0.000656, 0.0, 0.0, 0.0, 1.0],
                [0.8672, -0.140862, 0.477622, -0.002995, 0.096987, 0.988566, 0.115455, 0.399696, -0.488424, -0.053799, 0.870946, 0.000503, 0.0, 0.0, 0.0, 1.0],
                [0.875099, -0.133067, 0.465291, -0.003203, 0.089853, 0.989413, 0.113968, 0.399496, -0.475531, -0.057925, 0.87779, 0.000295, 0.0, 0.0, 0.0, 1.0],
                [0.88458, -0.125219, 0.449265, -0.003462, 0.08286, 0.990153, 0.11283, 0.399288, -0.45897, -0.062581, 0.886245, 3.6e-05, 0.0, 0.0, 0.0, 1.0],
                [0.895363, -0.117321, 0.429606, -0.003771, 0.07605, 0.990785, 0.112075, 0.399074, -0.438796, -0.067677, 0.896035, -0.000272, 0.0, 0.0, 0.0, 1.0],
                [0.907123, -0.109376, 0.406405, -0.004124, 0.069469, 0.991307, 0.11173, 0.398857, -0.415093, -0.07312, 0.906836, -0.000626, 0.0, 0.0, 0.0, 1.0],
                [0.919497, -0.101394, 0.379797, -0.004519, 0.063175, 0.991719, 0.111811, 0.398638, -0.387989, -0.078816, 0.918288, -0.001021, 0.0, 0.0, 0.0, 1.0],
                [0.932094, -0.093404, 0.349966, -0.004953, 0.057234, 0.992022, 0.112328, 0.398418, -0.357665, -0.08467, 0.930003, -0.001455, 0.0, 0.0, 0.0, 1.0],
                [0.944517, -0.085453, 0.317153, -0.005423, 0.051731, 0.992216, 0.113279, 0.398199, -0.324364, -0.090587, 0.941585, -0.001924, 0.0, 0.0, 0.0, 1.0],
                [0.95637, -0.077618, 0.281659, -0.005924, 0.046768, 0.992304, 0.114651, 0.397979, -0.288391, -0.096476, 0.95264, -0.002426, 0.0, 0.0, 0.0, 1.0],
                [0.967283, -0.070011, 0.243849, -0.006455, 0.042471, 0.992291, 0.116422, 0.397761, -0.25012, -0.102257, 0.9628, -0.002956, 0.0, 0.0, 0.0, 1.0],
                [0.976925, -0.062791, 0.204143, -0.007011, 0.038998, 0.992181, 0.118554, 0.397544, -0.209991, -0.107858, 0.971736, -0.003513, 0.0, 0.0, 0.0, 1.0],
