{
    "animation": [
        {
            "name": "Root",
            "time": [0.0, 0.0167, 0.0333, 0.05, 0.0667, 0.0833, 0.1, 0.1167, 0.1333, 0.15, 0.1667, 0.1833, 0.2, 0.2167, 0.2333, 0.25, 0.2667, 0.2833, 0.3, 0.3167, 0.3333, 0.35, 0.3667, 0.3833, 0.4, 0.4167],
            "transform": [
                [1.0, 0.0, 0.0, -5e-06, 0.0, 0.0, -1.0, 0.000946, 0.0, 1.0, 0.0, 0.763972, 0.0, 0.0, 0.0, 1.0],
                [0.9944, -0.093347, -0.049542, -5e-06, -0.043252, 0.068243, -0.996731, -0.030254, 0.096422, 0.993292, 0.063823, 0.741339, 0.0, 0.0, 0.0, 1.0],
                [0.925201, -0.318077, -0.206956, -5e-06, -0.126578, 0.255463, -0.958497, -0.104654, 0.357745, 0.912998, 0.196093, 0.687108, 0.0, 0.0, 0.0, 1.0],
                [0.709312, -0.539831, -0.453276, -5e-06, -0.15933, 0.503614, -0.849109, -0.193454, 0.686652, 0.674504, 0.271208, 0.621784, 0.0, 0.0, 0.0, 1.0],
                [0.376287, -0.627618, -0.681545, -5e-06, -0.104387, 0.702207, -0.704279, -0.267854, 0.920604, 0.336156, 0.198716, 0.556382, 0.0, 0.0, 0.0, 1.0],
                [0.047447, -0.601202, -0.797687, -5e-06, -0.033222, 0.797195, -0.602807, -0.299054, 0.998321, 0.055102, 0.017851, 0.463972, 0.0, 0.0, 0.0, 1.0],
                [-0.212655, -0.534572, -0.817931, -5e-06, 0.022344, 0.834198, -0.551013, -0.298076, 0.976872, -0.135451, -0.165452, 0.325623, 0.0, 0.0, 0.0, 1.0],
                [-0.406539, -0.444924, -0.797978, -5e-06, 0.087735, 0.850364, -0.51883, -0.295231, 0.909412, -0.280935, -0.306671, 0.192367, 0.0, 0.0, 0.0, 1.0],
                [-0.554411, -0.345423, -0.757174, -5e-06, 0.152664, 0.85215, -0.500533, -0.290654, 0.818121, -0.393094, -0.419708, 0.132722, 0.0, 0.0, 0.0, 1.0],
                [-0.673734, -0.237832, -0.699656, -5e-06, 0.211964, 0.844814, -0.491285, -0.284476, 0.707923, -0.479297, -0.518768, 0.141251, 0.0, 0.0, 0.0, 1.0],
                [-0.775261, -0.119164, -0.620299, -5e-06, 0.262099, 0.832816, -0.487567, -0.276831, 0.574695, -0.540571, -0.614417, 0.163679, 0.0, 0.0, 0.0, 1.0],
                [-0.861367, 0.013684, -0.5078, -5e-06, 0.29975, 0.820745, -0.486341, -0.267854, 0.410119, -0.571132, -0.711064, 0.195263, 0.0, 0.0, 0.0, 1.0],
                [-0.923914, 0.158612, -0.348173, -5e-06, 0.32198, 0.813898, -0.483632, -0.257676, 0.206667, -0.558939, -0.803042, 0.231261, 0.0, 0.0, 0.0, 1.0],
                [-0.942246, 0.305858, -0.136469, -5e-06, 0.333696, 0.82249, -0.460606, -0.246431, -0.028636, -0.479543, -0.877051, 0.267704, 0.0, 0.0, 0.0, 1.0],
                [-0.894546, 0.433347, 0.109533, -5e-06, 0.35705, 0.840206, -0.408128, -0.234254, -0.268892, -0.325981, -0.90633, 0.303709, 0.0, 0.0, 0.0, 1.0],
                [-0.778587, 0.51875, 0.353131, -5e-06, 0.408143, 0.846047, -0.342965, -0.221276, -0.476678, -0.1229, -0.870445, 0.339167, 0.0, 0.0, 0.0, 1.0],
                [-0.616014, 0.560438, 0.553567, -5e-06, 0.488865, 0.82302, -0.289222, -0.207631, -0.617688, 0.092455, -0.78097, 0.373968, 0.0, 0.0, 0.0, 1.0],
                [-0.438752, 0.580945, 0.685565, -5e-06, 0.589498, 0.761891, -0.268354, -0.193454, -0.678225, 0.286398, -0.676747, 0.408001, 0.0, 0.0, 0.0, 1.0],
                [-0.262243, 0.587583, 0.76549, -5e-06, 0.681059, 0.674676, -0.284556, -0.178876, -0.683658, 0.446721, -0.577107, 0.441156, 0.0, 0.0, 0.0, 1.0],
                [-0.087991, 0.570476, 0.816587, -5e-06, 0.743127, 0.583495, -0.32756, -0.164031, -0.66334, 0.578005, -0.475279, 0.473324, 0.0, 0.0, 0.0, 1.0],
                [0.079794, 0.53693, 0.839845, -5e-06, 0.776575, 0.494741, -0.390081, -0.149054, -0.624951, 0.683329, -0.377489, 0.504395, 0.0, 0.0, 0.0, 1.0],
                [0.238317, 0.492455, 0.837074, -5e-06, 0.783215, 0.412194, -0.465479, -0.134076, -0.574265, 0.76654, -0.287465, 0.534259, 0.0, 0.0, 0.0, 1.0],
                [0.38539, 0.441132, 0.810479, -5e-06, 0.765289, 0.337943, -0.547839, -0.119231, -0.515565, 0.831383, -0.207354, 0.562804, 0.0, 0.0, 0.0, 1.0],
                [0.519034, 0.386045, 0.762609, -5e-06, 0.72538, 0.273006, -0.631895, -0.104654, -0.452137, 0.881157, -0.13833, 0.589923, 0.0, 0.0, 0.0, 1.0],
                [0.637386, 0.329632, 0.696478, -5e-06, 0.666509, 0.217713, -0.712999, -0.090476, -0.386659, 0.918664, -0.080935, 0.615504, 0.0, 0.0, 0.0, 1.0],
                [0.738849, 0.27392, 0.615687, -5e-06, 0.592255, 0.171887, -0.787203, -0.076831, -0.321459, 0.946268, -0.035231, 0.639438, 0.0, 0.0, 0.0, 1.0]
            ]
        },
        {
            "name": "Thigh_R",
            "time": [0.0, 0.0167, 0.0333, 0.05, 0.0667, 0.0833, 0.1, 0.1167, 0.1333, 0.15, 0.1667, 0.1833, 0.2, 0.2167, 0.2333, 0.25, 0.2667, 0.2833, 0.3, 0.3167, 0.3333, 0.35, 0.3667, 0.3833, 0.4, 0.4167],
            "transform": [
                [1.0, -0.0, -0.0, 0.124994, -0.0, -0.999998, 0.0, -0.002831, -0.0, -0.0, -1.0, -1.2e-05, 0.0, 0.0, 0.0, 1.0],
                [0.971417, 0.009476, 0.237189, 0.124994, -0.134993, -0.799846, 0.584826, -0.002831, 0.195257, -0.600128, -0.775707, -1.2e-05, 0.0, 0.0, 0.0, 1.0],
                [0.896384, 0.16444, 0.411649, 0.124994, -0.359279, -0.274421, 0.891971, -0.002831, 0.259641, -0.947444, -0.186907, -1.2e-05, 0.0, 0.0, 0.0, 1.0],
                [0.944817, 0.103354, 0.310868, 0.124994, -0.27198, -0.281492, 0.920212, -0.002831, 0.182615, -0.953979, -0.237849, -1.2e-05, 0.0, 0.0, 0.0, 1.0],
                [0.995436, 0.019175, 0.093482, 0.124994, -0.082769, -0.314063, 0.945787, -0.002831, 0.047495, -0.949207, -0.311043, -1.2e-05, 0.0, 0.0, 0.0, 1.0],
                [0.995465, 0.054703, -0.077823, 0.124994, 0.092037, -0.347082, 0.933308, -0.002831, 0.024043, -0.936236, -0.350544, -1.2e-05, 0.0, 0.0, 0.0, 1.0],
                [0.956754, 0.226066, -0.183072, 0.124994, 0.257189, -0.363309, 0.895467, -0.002831, 0.135923, -0.903824, -0.40574, -1.2e-05, 0.0, 0.0, 0.0, 1.0],
                [0.842927, 0.458663, -0.281248, 0.124994, 0.464484, -0.356553, 0.810632, -0.002831, 0.271527, -0.813938, -0.513591, -1.2e-05, 0.0, 0.0, 0.0, 1.0],
                [0.628497, 0.710631, -0.316217, 0.124994, 0.668762, -0.286113, 0.686218, -0.002831, 0.397174, -0.642759, -0.655066, -1.2e-05, 0.0, 0.0, 0.0, 1.0],
                [0.334973, 0.90907, -0.247753, 0.124994, 0.81135, -0.144604, 0.566392, -0.002831, 0.479064, -0.390739, -0.786015, -1.2e-05, 0.0, 0.0, 0.0, 1.0],
                [0.028207, 0.995677, -0.088473, 0.124994, 0.857907, 0.021311, 0.513362, -0.002831, 0.513029, -0.090382, -0.8536, -1.2e-05, 0.0, 0.0, 0.0, 1.0],
                [-0.232679, 0.966828, 0.105349, 0.124994, 0.815039, 0.134746, 0.563518, -0.002831, 0.530631, 0.216982, -0.819359, -1.2e-05, 0.0, 0.0, 0.0, 1.0],
                [-0.43027, 0.859572, 0.275682, 0.124994, 0.698982, 0.124, 0.704306, -0.002831, 0.571219, 0.495738, -0.654181, -1.2e-05, 0.0, 0.0, 0.0, 1.0],
                [-0.463933, 0.714151, 0.524169, 0.124994, 0.46541, -0.30697, 0.830158, -0.002831, 0.753764, 0.62909, -0.18996, -1.2e-05, 0.0, 0.0, 0.0, 1.0],
                [-0.482245, 0.385999, 0.786413, 0.124994, 0.078433, -0.875062, 0.47761, -0.002831, 0.872518, 0.292005, 0.391721, -1.2e-05, 0.0, 0.0, 0.0, 1.0],
                [-0.548529, 0.087045, 0.831589, 0.124994, -0.034244, -0.996068, 0.081674, -0.002831, 0.83543, 0.016324, 0.549355, -1.2e-05, 0.0, 0.0, 0.0, 1.0],
                [-0.569011, -0.104307, 0.815689, 0.124994, 0.027885, -0.993798, -0.107632, -0.002831, 0.821857, -0.038498, 0.568392, -1.2e-05, 0.0, 0.0, 0.0, 1.0],
                [-0.552461, -0.174121, 0.81515, 0.124994, 0.079762, -0.984492, -0.156236, -0.002831, 0.829714, -0.021296, 0.557783, -1.2e-05, 0.0, 0.0, 0.0, 1.0],
                [-0.520085, -0.172688, 0.836475, 0.124994, 0.0759, -0.984815, -0.156122, -0.002831, 0.850735, -0.017708, 0.525296, -1.2e-05, 0.0, 0.0, 0.0, 1.0],
                [-0.462344, -0.16989, 0.870273, 0.124994, 0.069255, -0.985392, -0.155571, -0.002831, 0.883991, -0.011656, 0.467357, -1.2e-05, 0.0, 0.0, 0.0, 1.0],
                [-0.377982, -0.165302, 0.910936, 0.124994, 0.060047, -0.986234, -0.15405, -0.002831, 0.923863, -0.003529, 0.382706, -1.2e-05, 0.0, 0.0, 0.0, 1.0],
                [-0.265447, -0.15837, 0.951029, 0.124994, 0.048576, -0.987358, -0.150862, -0.002831, 0.9629, 0.006151, 0.269785, -1.2e-05, 0.0, 0.0, 0.0, 1.0],
                [-0.124581, -0.148534, 0.981029, 0.124994, 0.035374, -0.988765, -0.145214, -0.002831, 0.991578, 0.016612, 0.128436, -1.2e-05, 0.0, 0.0, 0.0, 1.0],
                [0.041423, -0.135426, 0.989922, 0.124994, 0.021335, -0.990423, -0.136388, -0.002831, 0.998914, 0.02677, -0.038137, -1.2e-05, 0.0, 0.0, 0.0, 1.0],
                [0.224367, -0.119114, 0.967198, 0.124994, 0.007729, -0.992251, -0.123993, -0.002831, 0.974474, 0.035295, -0.221708, -1.2e-05, 0.0, 0.0, 0.0, 1.0],
                [0.410917, -0.100308, 0.906138, 0.124994, -0.003972, -0.994114, -0.108246, -0.002831, 0.911664, 0.040881, -0.408898, -1.2e-05, 0.0, 0.0, 0.0, 1.0]
            ]
        },
        {
            "name": "Leg_R",
            "time": [0.0, 0.4167],
            "transform": [
                [1.0, -0.0, 0.0, 0.0, 0.0, 1.000001, 0.0, 0.37472, -0.0, -0.0, 0.999999, -0.0, 0.0, 0.0, 0.0, 1.0],
                [1.0, -0.0, 0.0, -0.0, 0.0, 1.000001, 0.0, 0.37472, -0.0, -0.0, 0.999999, 0.0, 0.0, 0.0, 0.0, 1.0]
            ]
        },
        {
            "name": "Knee_R",
            "time": [0.0, 0.4167],
            "transform": [
                [1.0, 0.0, -0.0, -0.0, -0.0, 0.0, -1.0, 0.37472, -0.0, 1.0, 0.0, -0.0, 0.0, 0.0, 0.0, 1.0],
                [1.0, 0.0, -0.0, 0.0, -0.0, 0.0, -1.0, 0.37472, -0.0, 1.0, 0.0, 0.0, 0.0, 0.0, 0.0, 1.0]
            ]
        },
        {
            "name": "Thigh_L",
            "time": [0.0, 0.0167, 0.0333, 0.05, 0.0667, 0.0833, 0.1, 0.1167, 0.1333, 0.15, 0.1667, 0.1833, 0.2, 0.2167, 0.2333, 0.25, 0.2667, 0.2833, 0.3, 0.3167, 0.3333, 0.35, 0.3667, 0.3833, 0.4, 0.4167],
            "transform": [
                [1.0, -0.0, -0.0, -0.125006, -0.0, -0.999999, 0.0, -0.002831, -0.0, -0.0, -1.0, -1.2e-05, 0.0, 0.0, 0.0, 1.0],
                [0.999418, -0.030394, -0.015439, -0.125006, -0.028285, -0.992109, 0.122144, -0.002831, -0.019029, -0.121636, -0.992392, -1.2e-05, 0.0, 0.0, 0.0, 1.0],
                [0.992865, -0.112979, -0.038139, -0.125006, -0.086826, -0.904201, 0.418187, -0.002831, -0.081731, -0.411892, -0.90756, -1.2e-05, 0.0, 0.0, 0.0, 1.0],
                [0.975413, -0.217962, -0.032568, -0.125006, -0.126602, -0.67515, 0.726735, -0.002831, -0.180389, -0.704744, -0.686145, -1.2e-05, 0.0, 0.0, 0.0, 1.0],
                [0.954469, -0.298287, -0.003689, -0.125006, -0.125799, -0.413689, 0.901685, -0.002831, -0.270487, -0.860166, -0.432378, -1.2e-05, 0.0, 0.0, 0.0, 1.0],
                [0.942814, -0.333279, 0.005031, -0.125006, -0.110303, -0.297722, 0.948258, -0.002831, -0.314537, -0.894587, -0.317459, -1.2e-05, 0.0, 0.0, 0.0, 1.0],
                [0.939324, -0.342903, -0.009317, -0.125006, -0.100841, -0.301992, 0.947962, -0.002831, -0.327873, -0.889504, -0.318247, -1.2e-05, 0.0, 0.0, 0.0, 1.0],
                [0.936465, -0.350124, -0.021083, -0.125006, -0.095169, -0.311477, 0.945475, -0.002831, -0.3376, -0.883399, -0.325009, -1.2e-05, 0.0, 0.0, 0.0, 1.0],
                [0.934382, -0.354917, -0.031019, -0.125006, -0.092317, -0.325291, 0.941096, -0.002831, -0.344102, -0.87648, -0.336712, -1.2e-05, 0.0, 0.0, 0.0, 1.0],
                [0.933162, -0.357245, -0.039786, -0.125006, -0.091281, -0.342571, 0.935046, -0.002831, -0.347671, -0.868918, -0.352285, -1.2e-05, 0.0, 0.0, 0.0, 1.0],
                [0.932853, -0.357046, -0.047984, -0.125006, -0.091015, -0.362449, 0.927549, -0.002831, -0.34857, -0.860899, -0.370608, -1.2e-05, 0.0, 0.0, 0.0, 1.0],
                [0.933464, -0.354241, -0.056172, -0.125006, -0.090437, -0.38402, 0.918884, -0.002831, -0.347078, -0.852666, -0.390507, -1.2e-05, 0.0, 0.0, 0.0, 1.0],
                [0.93497, -0.348741, -0.064887, -0.125006, -0.088449, -0.406338, 0.909431, -0.002831, -0.343522, -0.844552, -0.41076, -1.2e-05, 0.0, 0.0, 0.0, 1.0],
                [0.950512, -0.299971, -0.080888, -0.125006, -0.060743, -0.434754, 0.898498, -0.002831, -0.30469, -0.84912, -0.431461, -1.2e-05, 0.0, 0.0, 0.0, 1.0],
                [0.977805, -0.180902, -0.10569, -0.125006, 0.008941, -0.467965, 0.883702, -0.002831, -0.209322, -0.865033, -0.455961, -1.2e-05, 0.0, 0.0, 0.0, 1.0],
                [0.991181, -0.015553, -0.131594, -0.125006, 0.106889, -0.493097, 0.863383, -0.002831, -0.078317, -0.869835, -0.487086, -1.2e-05, 0.0, 0.0, 0.0, 1.0],
                [0.974951, 0.163095, -0.151225, -0.125006, 0.213998, -0.502567, 0.837634, -0.002831, 0.060613, -0.849014, -0.52488, -1.2e-05, 0.0, 0.0, 0.0, 1.0],
                [0.933931, 0.319669, -0.159952, -0.125006, 0.309793, -0.500609, 0.808343, -0.002831, 0.178329, -0.804488, -0.566566, -1.2e-05, 0.0, 0.0, 0.0, 1.0],
                [0.890253, 0.427398, -0.157415, -0.125006, 0.378524, -0.50205, 0.777601, -0.002831, 0.253315, -0.751847, -0.608733, -1.2e-05, 0.0, 0.0, 0.0, 1.0],
                [0.870756, 0.469301, -0.146765, -0.125006, 0.409006, -0.525595, 0.745964, -0.002831, 0.272943, -0.70958, -0.649613, -1.2e-05, 0.0, 0.0, 0.0, 1.0],
                [0.873873, 0.468108, -0.131227, -0.125006, 0.412234, -0.570412, 0.710417, -0.002831, 0.257698, -0.67491, -0.691438, -1.2e-05, 0.0, 0.0, 0.0, 1.0],
                [0.882251, 0.457305, -0.111825, -0.125006, 0.40733, -0.622407, 0.668349, -0.002831, 0.236039, -0.635201, -0.735394, -1.2e-05, 0.0, 0.0, 0.0, 1.0],
                [0.894776, 0.43731, -0.090192, -0.125006, 0.394234, -0.678885, 0.619429, -0.002831, 0.209653, -0.589808, -0.779854, -1.2e-05, 0.0, 0.0, 0.0, 1.0],
                [0.910147, 0.408667, -0.067989, -0.125006, 0.373, -0.736921, 0.563752, -0.002831, 0.180284, -0.538457, -0.823141, -1.2e-05, 0.0, 0.0, 0.0, 1.0],
                [0.926955, 0.372238, -0.046814, -0.125006, 0.344006, -0.793517, 0.501985, -0.002831, 0.14971, -0.481422, -0.863608, -1.2e-05, 0.0, 0.0, 0.0, 1.0],
                [0.943798, 0.329327, -0.028079, -0.125006, 0.308104, -0.845848, 0.435444, -0.002831, 0.119653, -0.419622, -0.899777, -1.2e-05, 0.0, 0.0, 0.0, 1.0]
            ]
        },
        {
            "name": "Leg_L",
            "time": [0.0, 0.4167],
            "transform": [
                [1.0, -0.0, -0.0, -0.0, 0.0, 1.0, 0.0, 0.37472, 0.0, -0.0, 1.0, 0.0, 0.0, 0.0, 0.0, 1.0],
                [1.0, 0.0, -0.0, 0.0, -0.0, 1.0, -0.0, 0.37472, -0.0, 0.0, 1.0, 0.0, 0.0, 0.0, 0.0, 1.0]
            ]
        },
        {
            "name": "Knee_L",
            "time": [0.0, 0.4167],
            "transform": [
                [1.0, 0.0, -0.0, -0.0, -0.0, 0.0, -1.0, 0.37472, -0.0, 1.0, 0.0, 0.0, 0.0, 0.0, 0.0, 1.0],
                [1.0, 0.0, -0.0, 0.0, -0.0, 0.0, -1.0, 0.37472, -0.0, 1.0, 0.0, 0.0, 0.0, 0.0, 0.0, 1.0]
            ]
        },
        {
            "name": "Torso",
            "time": [0.0, 0.0167, 0.0333, 0.05, 0.0667, 0.0833, 0.1, 0.1167, 0.1333, 0.15, 0.1667, 0.1833, 0.2, 0.2167, 0.2333, 0.25, 0.2667, 0.2833, 0.3, 0.3167, 0.3333, 0.35, 0.3667, 0.3833, 0.4, 0.4167],
            "transform": [
                [1.0, 0.0, 0.0, 0.0, 0.0, 1.0, 0.0, 0.05, 0.0, 0.0, 1.0, 0.0, 0.0, 0.0, 0.0, 1.0],
                [0.997037, 0.008745, -0.076419, -0.0, -0.01208, 0.99899, -0.043291, 0.05, 0.075964, 0.044086, 0.996136, 0.0, 0.0, 0.0, 0.0, 1.0],
                [0.963133, 0.016129, -0.268542, 0.0, -0.056544, 0.98804, -0.143455, 0.05, 0.263017, 0.153351, 0.952526, -0.0, 0.0, 0.0, 0.0, 1.0],
                [0.864769, -0.004064, -0.502154, 0.0, -0.13877, 0.959094, -0.246741, 0.05, 0.482615, 0.283058, 0.828831, 0.0, 0.0, 0.0, 0.0, 1.0],
                [0.718539, -0.048232, -0.693812, 0.0, -0.232924, 0.923294, -0.30541, 0.05, 0.655322, 0.381054, 0.652188, -0.0, 0.0, 0.0, 0.0, 1.0],
                [0.588442, -0.080516, -0.80452, -0.0, -0.294017, 0.9056, -0.305682, 0.05, 0.753186, 0.416419, 0.509221, -0.0, 0.0, 0.0, 0.0, 1.0],
                [0.502424, -0.009424, -0.86457, -0.0, -0.241927, 0.958467, -0.151038, 0.05, 0.830085, 0.285048, 0.479277, 0.0, 0.0, 0.0, 0.0, 1.0],
                [0.463328, 0.171917, -0.869351, -0.0, -0.068652, 0.985018, 0.158201, 0.05, 0.883524, -0.013616, 0.468189, 0.0, 0.0, 0.0, 0.0, 1.0],
                [0.475281, 0.328201, -0.816329, 0.0, 0.096128, 0.902896, 0.418973, 0.05, 0.874567, -0.277602, 0.39758, -0.0, 0.0, 0.0, 0.0, 1.0],
                [0.498218, 0.396278, -0.771196, -0.0, 0.187905, 0.81896, 0.542214, 0.05, 0.846446, -0.415052, 0.333558, 0.0, 0.0, 0.0, 0.0, 1.0],
                [0.524802, 0.413502, -0.744042, -0.0, 0.243022, 0.764922, 0.596519, 0.05, 0.815796, -0.493873, 0.300942, 0.0, 0.0, 0.0, 0.0, 1.0],
                [0.552627, 0.404024, -0.72895, 0.0, 0.271367, 0.739749, 0.615737, 0.05, 0.788012, -0.538086, 0.299167, 0.0, 0.0, 0.0, 0.0, 1.0],
                [0.583339, 0.386416, -0.714422, 0.0, 0.27809, 0.731405, 0.622666, 0.05, 0.76314, -0.561899, 0.319199, 0.0, 0.0, 0.0, 0.0, 1.0],
                [0.617298, 0.36812, -0.695292, 0.0, 0.271785, 0.729581, 0.627571, 0.05, 0.738293, -0.576368, 0.350319, 0.0, 0.0, 0.0, 0.0, 1.0],
                [0.652861, 0.345248, -0.674224, -0.0, 0.259955, 0.733913, 0.627531, 0.05, 0.711475, -0.584958, 0.389394, 0.0, 0.0, 0.0, 0.0, 1.0],
                [0.689426, 0.318518, -0.650568, -0.0, 0.243455, 0.743994, 0.622257, 0.05, 0.682218, -0.587384, 0.435383, -0.0, 0.0, 0.0, 0.0, 1.0],
                [0.726353, 0.288748, -0.623728, -0.0, 0.223197, 0.759204, 0.611385, 0.05, 0.650073, -0.583296, 0.487003, 0.0, 0.0, 0.0, 0.0, 1.0],
                [0.762958, 0.256848, -0.593232, 0.0, 0.200155, 0.778726, 0.594579, 0.05, 0.614681, -0.572377, 0.542725, 0.0, 0.0, 0.0, 0.0, 1.0],
                [0.798528, 0.223812, -0.558803, 0.0, 0.175353, 0.801562, 0.571621, 0.05, 0.575851, -0.554443, 0.600823, -0.0, 0.0, 0.0, 0.0, 1.0],
                [0.832348, 0.190683, -0.52042, 0.0, 0.149835, 0.826583, 0.542504, 0.05, 0.533617, -0.529529, 0.659433, 0.0, 0.0, 0.0, 0.0, 1.0],
                [0.863748, 0.158492, -0.478352, 0.0, 0.124616, 0.852591, 0.507503, 0.05, 0.488274, -0.497965, 0.716673, -0.0, 0.0, 0.0, 0.0, 1.0],
                [0.892151, 0.128196, -0.433166, 0.0, 0.100626, 0.8784, 0.467214, 0.05, 0.440387, -0.460413, 0.770765, 0.0, 0.0, 0.0, 0.0, 1.0],
                [0.917124, 0.100608, -0.385696, 0.0, 0.07865, 0.902925, 0.422541, 0.05, 0.390765, -0.417858, 0.820181, -0.0, 0.0, 0.0, 0.0, 1.0],
                [0.938412, 0.076334, -0.336981, 0.0, 0.059274, 0.925266, 0.374659, 0.05, 0.340396, -0.371558, 0.863756, -0.0, 0.0, 0.0, 0.0, 1.0],
                [0.955954, 0.055741, -0.288177, 0.0, 0.042861, 0.944769, 0.324922, 0.05, 0.290372, -0.322962, 0.900766, 0.0, 0.0, 0.0, 0.0, 1.0],
                [0.969876, 0.038941, -0.240466, -0.0, 0.029539, 0.961055, 0.274775, 0.05, 0.241801, -0.2736, 0.930954, 0.0, 0.0, 0.0, 0.0, 1.0]
            ]
        },
        {
            "name": "Chest",
            "time": [0.0, 0.4167],
            "transform": [
                [1.0, 0.0, 0.0, 0.0, 0.0, 1.0, -0.0, 0.3, 0.0, 0.0, 1.0, 0.0, 0.0, 0.0, 0.0, 1.0],
                [1.0, 0.0, 0.0, 0.0, -0.0, 1.0, 0.0, 0.3, 0.0, 0.0, 1.0, 0.0, 0.0, 0.0, 0.0, 1.0]
            ]
        },
        {
            "name": "Head",
            "time": [0.0, 0.0167, 0.0333, 0.05, 0.0667, 0.0833, 0.1, 0.1167, 0.1333, 0.15, 0.1667, 0.1833, 0.2, 0.2167, 0.2333, 0.25, 0.2667, 0.2833, 0.3, 0.3167, 0.3333, 0.35, 0.3667, 0.3833, 0.4, 0.4167],
            "transform": [
                [1.0, 0.0, 0.0, 0.0, 0.0, 1.0, 0.0, 0.4, 0.0, 0.0, 1.0, 0.0, 0.0, 0.0, 0.0, 1.0],
                [0.998566, 0.005605, 0.053238, 0.0, -0.011855, 0.992966, 0.117808, 0.4, -0.052203, -0.11827, 0.991608, 0.0, 0.0, 0.0, 0.0, 1.0],
                [0.982407, -0.004866, 0.186693, 0.0, -0.071311, 0.914139, 0.39908, 0.4, -0.172605, -0.405372, 0.897709, 0.0, 0.0, 0.0, 0.0, 1.0],
                [0.939658, -0.063545, 0.336161, 0.0, -0.194948, 0.708007, 0.678764, 0.4, -0.281137, -0.70334, 0.652897, 0.0, 0.0, 0.0, 0.0, 1.0],
                [0.88932, -0.135677, 0.436694, 0.0, -0.329283, 0.472641, 0.817425, 0.4, -0.317305, -0.870748, 0.375654, 0.0, 0.0, 0.0, 0.0, 1.0],
                [0.862109, -0.145769, 0.485304, 0.0, -0.409127, 0.364832, 0.836369, 0.4, -0.298971, -0.919592, 0.254887, -0.0, 0.0, 0.0, 0.0, 1.0],
                [0.850845, -0.093883, 0.516963, -0.0, -0.448939, 0.381287, 0.808131, 0.4, -0.272981, -0.919677, 0.282268, -0.0, 0.0, 0.0, 0.0, 1.0],
                [0.835442, -0.028016, 0.548864, -0.0, -0.484957, 0.432278, 0.760232, 0.4, -0.25856, -0.901305, 0.347557, 0.0, 0.0, 0.0, 0.0, 1.0],
                [0.818632, 0.047515, 0.572349, -0.0, -0.515216, 0.501089, 0.695314, 0.4, -0.253761, -0.86409, 0.434688, -0.0, 0.0, 0.0, 0.0, 1.0],
                [0.804044, 0.125149, 0.58125, 0.0, -0.537252, 0.571711, 0.620086, 0.4, -0.254704, -0.810854, 0.526917, 0.0, 0.0, 0.0, 0.0, 1.0],
                [0.79547, 0.19496, 0.573774, 0.0, -0.549471, 0.631341, 0.547257, 0.4, -0.255554, -0.750599, 0.609337, 0.0, 0.0, 0.0, 0.0, 1.0],
                [0.795979, 0.247061, 0.55261, 0.0, -0.55153, 0.672231, 0.493882, 0.4, -0.249463, -0.697901, 0.671343, 0.0, 0.0, 0.0, 0.0, 1.0],
                [0.807483, 0.273728, 0.522536, -0.0, -0.543216, 0.690392, 0.477782, 0.4, -0.229972, -0.669651, 0.706173, -0.0, 0.0, 0.0, 0.0, 1.0],
                [0.849553, 0.279979, 0.44707, 0.0, -0.500307, 0.696283, 0.514668, 0.4, -0.167191, -0.66091, 0.731604, 0.0, 0.0, 0.0, 0.0, 1.0],
                [0.911521, 0.275175, 0.305628, -0.0, -0.407626, 0.703017, 0.582759, 0.4, -0.054501, -0.655779, 0.752983, 0.0, 0.0, 0.0, 0.0, 1.0],
                [0.955793, 0.26084, 0.135728, -0.0, -0.285128, 0.709381, 0.644578, 0.4, 0.071849, -0.654783, 0.752394, -0.0, 0.0, 0.0, 0.0, 1.0],
                [0.970857, 0.239459, -0.009834, 0.0, -0.169324, 0.714386, 0.678957, 0.4, 0.169607, -0.657504, 0.734113, -0.0, 0.0, 0.0, 0.0, 1.0],
                [0.973956, 0.213308, -0.076873, -0.0, -0.103304, 0.71927, 0.687008, 0.4, 0.201837, -0.661174, 0.722573, -0.0, 0.0, 0.0, 0.0, 1.0],
                [0.978682, 0.186144, -0.086788, -0.0, -0.078454, 0.729354, 0.679624, 0.4, 0.189807, -0.658326, 0.728409, 0.0, 0.0, 0.0, 0.0, 1.0],
                [0.982551, 0.16057, -0.093866, 0.0, -0.05878, 0.746881, 0.662355, 0.4, 0.176461, -0.64528, 0.743287, 0.0, 0.0, 0.0, 0.0, 1.0],
                [0.985789, 0.136473, -0.097953, -0.0, -0.043463, 0.770448, 0.63602, 0.4, 0.162267, -0.622724, 0.76543, 0.0, 0.0, 0.0, 0.0, 1.0],
                [0.988549, 0.113875, -0.099009, 0.0, -0.031753, 0.798415, 0.60127, 0.4, 0.14752, -0.591241, 0.792889, -0.0, 0.0, 0.0, 0.0, 1.0],
                [0.990928, 0.092911, -0.097106, -0.0, -0.022972, 0.829001, 0.558775, 0.4, 0.132417, -0.551476, 0.823614, -0.0, 0.0, 0.0, 0.0, 1.0],
                [0.992981, 0.073785, -0.092439, -0.0, -0.016512, 0.860379, 0.509387, 0.4, 0.117118, -0.504285, 0.855558, 0.0, 0.0, 0.0, 0.0, 1.0],
                [0.994737, 0.056729, -0.085328, 0.0, -0.011837, 0.890801, 0.45424, 0.4, 0.101779, -0.450839, 0.886783, 0.0, 0.0, 0.0, 0.0, 1.0],
                [0.996209, 0.041952, -0.076213, -0.0, -0.008485, 0.918725, 0.394807, 0.4, 0.086581, -0.392664, 0.915597, 0.0, 0.0, 0.0, 0.0, 1.0]
            ]
        },
        {
            "name": "Shoulder_R",
            "time": [0.0, 0.4167],
            "transform": [
                [0.0, 0.952114, 0.305743, 0.0, 0.0, -0.305743, 0.952114, 0.4, 1.0, 0.0, -0.0, 0.0, 0.0, 0.0, 0.0, 1.0],
                [0.0, 0.952114, 0.305743, -0.0, 0.0, -0.305743, 0.952114, 0.4, 1.0, -0.0, -0.0, 0.0, 0.0, 0.0, 0.0, 1.0]
            ]
        },
        {
            "name": "Arm_R",
            "time": [0.0, 0.0167, 0.0333, 0.05, 0.0667, 0.0833, 0.1, 0.1167, 0.1333, 0.15, 0.1667, 0.1833, 0.2, 0.2167, 0.2333, 0.25, 0.2667, 0.2833, 0.3, 0.3167, 0.3333, 0.35, 0.3667, 0.3833, 0.4, 0.4167],
            "transform": [
                [0.0, -0.0, -1.0, -0.0, 0.952114, 0.305743, 0.0, 0.393861, 0.305743, -0.952114, 0.0, -0.0, 0.0, 0.0, 0.0, 1.0],
                [-0.293036, 0.110167, -0.949733, 3.2e-05, 0.771785, 0.613574, -0.166958, 0.393784, 0.564339, -0.781914, -0.264824, -6.9e-05, 0.0, 0.0, 0.0, 1.0],
                [-0.659571, 0.240064, -0.712275, 0.000258, 0.419069, 0.904122, -0.083337, 0.393206, 0.623977, -0.353459, -0.696936, -0.000422, 0.0, 0.0, 0.0, 1.0],
                [-0.67537, 0.499463, -0.542597, 0.000869, 0.471286, 0.858211, 0.203379, 0.391603, 0.567243, -0.118363, -0.815001, -0.001273, 0.0, 0.0, 0.0, 1.0],
                [-0.602302, 0.688392, -0.404166, 0.002061, 0.539875, 0.724226, 0.428991, 0.388452, 0.588021, 0.040183, -0.807847, -0.002839, 0.0, 0.0, 0.0, 1.0],
                [-0.539379, 0.766915, -0.347725, 0.004025, 0.563078, 0.63553, 0.528247, 0.383231, 0.62611, 0.089129, -0.774624, -0.005336, 0.0, 0.0, 0.0, 1.0],
                [-0.503702, 0.714105, -0.486147, 0.006956, 0.515833, 0.700036, 0.493829, 0.375415, 0.692966, -0.002028, -0.720968, -0.008979, 0.0, 0.0, 0.0, 1.0],
                [-0.416383, 0.488745, -0.766651, 0.011045, 0.408914, 0.853797, 0.322212, 0.364482, 0.812044, -0.17933, -0.55536, -0.013985, 0.0, 0.0, 0.0, 1.0],
                [-0.279082, 0.17127, -0.94487, 0.016488, 0.305858, 0.948574, 0.081601, 0.349908, 0.910255, -0.266223, -0.317114, -0.02057, 0.0, 0.0, 0.0, 1.0],
                [-0.276224, -0.045688, -0.960007, 0.023476, 0.225777, 0.967832, -0.111023, 0.331171, 0.934198, -0.247415, -0.257023, -0.02895, 0.0, 0.0, 0.0, 1.0],
                [-0.335012, -0.241296, -0.910793, 0.032202, 0.176143, 0.933571, -0.31212, 0.307748, 0.925603, -0.264994, -0.270255, -0.03934, 0.0, 0.0, 0.0, 1.0],
                [-0.290858, -0.484258, -0.825164, 0.066709, 0.162349, 0.824964, -0.541366, 0.266532, 0.942892, -0.291425, -0.161328, -0.055636, 0.0, 0.0, 0.0, 1.0],
                [-0.286245, -0.618227, -0.732023, 0.096386, 0.159517, 0.722582, -0.672629, 0.238287, 0.944785, -0.309307, -0.108217, -0.066198, 0.0, 0.0, 0.0, 1.0],
                [-0.457549, -0.576139, -0.677284, 0.095855, 0.164291, 0.6938, -0.701178, 0.239144, 0.873875, -0.432095, -0.222793, -0.065834, 0.0, 0.0, 0.0, 1.0],
                [-0.713413, -0.388399, -0.583256, 0.094327, 0.197592, 0.687066, -0.699212, 0.241612, 0.672309, -0.614074, -0.413417, -0.064783, 0.0, 0.0, 0.0, 1.0],
                [-0.901819, -0.095348, -0.421465, 0.091894, 0.249732, 0.680971, -0.688413, 0.245537, 0.352644, -0.726077, -0.590301, -0.063113, 0.0, 0.0, 0.0, 1.0],
                [-0.952707, 0.163654, -0.256059, 0.088654, 0.297942, 0.668918, -0.681014, 0.250767, 0.059832, -0.725098, -0.686042, -0.060888, 0.0, 0.0, 0.0, 1.0],
                [-0.945001, 0.271816, -0.181908, 0.084701, 0.32102, 0.664352, -0.67497, 0.257147, -0.062616, -0.696242, -0.715071, -0.058173, 0.0, 0.0, 0.0, 1.0],
                [-0.935839, 0.2772, -0.217637, 0.08013, 0.351237, 0.682852, -0.640584, 0.264525, -0.028956, -0.675925, -0.736402, -0.055033, 0.0, 0.0, 0.0, 1.0],
                [-0.905832, 0.279056, -0.318741, 0.075037, 0.41703, 0.719738, -0.555034, 0.272747, 0.074524, -0.635692, -0.768337, -0.051535, 0.0, 0.0, 0.0, 1.0],
                [-0.840509, 0.288964, -0.458307, 0.069515, 0.492125, 0.761003, -0.422715, 0.281659, 0.226623, -0.580839, -0.781836, -0.047743, 0.0, 0.0, 0.0, 1.0],
                [-0.735396, 0.313922, -0.600539, 0.063661, 0.551793, 0.791829, -0.261788, 0.291108, 0.393343, -0.52389, -0.755527, -0.043722, 0.0, 0.0, 0.0, 1.0],
                [-0.608456, 0.350722, -0.711882, 0.057569, 0.587841, 0.801815, -0.107407, 0.300941, 0.533128, -0.483826, -0.694037, -0.039538, 0.0, 0.0, 0.0, 1.0],
                [-0.494383, 0.387767, -0.777961, 0.051334, 0.615414, 0.788203, 0.001785, 0.311004, 0.613883, -0.477885, -0.62831, -0.035256, 0.0, 0.0, 0.0, 1.0],
                [-0.401318, 0.408902, -0.8196, 0.045052, 0.64902, 0.758358, 0.060554, 0.321144, 0.64631, -0.507635, -0.569728, -0.030942, 0.0, 0.0, 0.0, 1.0],
                [-0.313754, 0.407068, -0.857819, 0.038818, 0.686723, 0.721194, 0.09106, 0.331207, 0.655721, -0.560514, -0.50582, -0.02666, 0.0, 0.0, 0.0, 1.0]
            ]
        },
        {
            "name": "Hand_R",
            "time": [0.0, 0.4167],
            "transform": [
                [1.0, 0.0, 0.0, 0.0, -0.0, 0.993938, 0.109947, 0.3, -0.0, -0.109947, 0.993938, -0.0, 0.0, 0.0, 0.0, 1.0],
                [1.0, -0.0, 0.0, -0.0, -0.0, 0.993938, 0.109947, 0.3, -0.0, -0.109947, 0.993938, 0.0, 0.0, 0.0, 0.0, 1.0]
            ]
        },
        {
            "name": "Tool_R",
            "time": [0.0, 0.0167, 0.0333, 0.05, 0.0667, 0.0833, 0.1, 0.1167, 0.1333, 0.15, 0.1667, 0.1833, 0.2, 0.2167, 0.2333, 0.25, 0.2667, 0.2833, 0.3, 0.3167, 0.3333, 0.35, 0.3667, 0.3833, 0.4, 0.4167],
            "transform": [
                [1.0, 0.0, 0.0, -0.0, -0.0, -0.999836, 0.018122, 0.272858, 0.0, -0.018122, -0.999836, -0.0, 0.0, 0.0, 0.0, 1.0],
                [1.0, -0.0, 0.0, -0.0, -0.0, -0.999836, 0.018122, 0.272858, 0.0, -0.018122, -0.999836, 0.0, 0.0, 0.0, 0.0, 1.0],
                [1.0, 0.0, 0.0, 0.0, -0.0, -0.999836, 0.018122, 0.272858, 0.0, -0.018122, -0.999836, -0.0, 0.0, 0.0, 0.0, 1.0],
                [1.0, 0.0, 0.0, -0.0, -0.0, -0.999836, 0.018122, 0.272858, 0.0, -0.018122, -0.999836, 0.0, 0.0, 0.0, 0.0, 1.0],
                [1.0, 0.0, 0.0, -0.0, 0.0, -0.999836, 0.018122, 0.272858, 0.0, -0.018122, -0.999836, 0.0, 0.0, 0.0, 0.0, 1.0],
                [1.0, -0.0, 0.0, -0.0, 0.0, -0.999836, 0.018122, 0.272858, 0.0, -0.018122, -0.999836, 0.0, 0.0, 0.0, 0.0, 1.0],
                [1.0, -0.0, 0.0, -0.0, -0.0, -0.999836, 0.018122, 0.272858, 0.0, -0.018122, -0.999836, 0.0, 0.0, 0.0, 0.0, 1.0],
                [1.0, -0.0, 0.0, 0.0, -0.0, -0.999836, 0.018122, 0.272858, 0.0, -0.018122, -0.999836, 0.0, 0.0, 0.0, 0.0, 1.0],
                [1.0, -0.0, 0.0, 0.0, -0.0, -0.999836, 0.018122, 0.272858, 0.0, -0.018122, -0.999836, 0.0, 0.0, 0.0, 0.0, 1.0],
                [1.0, -0.0, 0.0, 0.0, -0.0, -0.999836, 0.018122, 0.272858, 0.0, -0.018122, -0.999836, -0.0, 0.0, 0.0, 0.0, 1.0],
                [1.0, -0.0, 0.0, -0.0, -0.0, -0.999836, 0.018122, 0.272858, 0.0, -0.018122, -0.999836, -0.0, 0.0, 0.0, 0.0, 1.0],
                [1.0, 0.0, 0.0, 0.0, 0.0, -0.999836, 0.018122, 0.272858, 0.0, -0.018122, -0.999836, 0.0, 0.0, 0.0, 0.0, 1.0],
                [1.0, -0.0, 0.0, -0.0, -0.0, -0.999836, 0.018122, 0.272858, 0.0, -0.018122, -0.999836, 0.0, 0.0, 0.0, 0.0, 1.0],
                [1.0, 0.0, 0.0, 0.0, 0.0, -0.999836, 0.018122, 0.272858, 0.0, -0.018122, -0.999836, 0.0, 0.0, 0.0, 0.0, 1.0],
                [1.0, -0.0, 0.0, 0.0, 0.0, -0.999836, 0.018122, 0.272858, 0.0, -0.018122, -0.999836, -0.0, 0.0, 0.0, 0.0, 1.0],
                [1.0, 0.0, 0.0, 0.0, -0.0, -0.999836, 0.018122, 0.272858, 0.0, -0.018122, -0.999836, -0.0, 0.0, 0.0, 0.0, 1.0],
                [1.0, -0.0, 0.0, -0.0, 0.0, -0.999836, 0.018122, 0.272858, 0.0, -0.018122, -0.999836, 0.0, 0.0, 0.0, 0.0, 1.0],
                [1.0, 0.0, 0.0, 0.0, -0.0, -0.999836, 0.018122, 0.272858, 0.0, -0.018122, -0.999836, 0.0, 0.0, 0.0, 0.0, 1.0],
                [1.0, 0.0, 0.0, -0.0, -0.0, -0.999836, 0.018122, 0.272858, 0.0, -0.018122, -0.999836, 0.0, 0.0, 0.0, 0.0, 1.0],
                [1.0, 0.0, 0.0, -0.0, -0.0, -0.999836, 0.018122, 0.272858, 0.0, -0.018122, -0.999836, -0.0, 0.0, 0.0, 0.0, 1.0],
                [1.0, 0.0, 0.0, -0.0, -0.0, -0.999836, 0.018122, 0.272858, 0.0, -0.018122, -0.999836, 0.0, 0.0, 0.0, 0.0, 1.0],
                [1.0, 0.0, 0.0, 0.0, -0.0, -0.999836, 0.018122, 0.272858, 0.0, -0.018122, -0.999836, -0.0, 0.0, 0.0, 0.0, 1.0],
                [1.0, 0.0, 0.0, -0.0, -0.0, -0.999836, 0.018122, 0.272858, 0.0, -0.018122, -0.999836, -0.0, 0.0, 0.0, 0.0, 1.0],
                [1.0, -0.0, 0.0, -0.0, -0.0, -0.999836, 0.018122, 0.272858, 0.0, -0.018122, -0.999836, -0.0, 0.0, 0.0, 0.0, 1.0],
                [1.0, -0.0, 0.0, 0.0, -0.0, -0.999836, 0.018122, 0.272858, 0.0, -0.018122, -0.999836, -0.0, 0.0, 0.0, 0.0, 1.0],
                [1.0, 0.0, 0.0, 0.0, 0.0, -0.999836, 0.018122, 0.272858, 0.0, -0.018122, -0.999836, -0.0, 0.0, 0.0, 0.0, 1.0]
            ]
        },
        {
            "name": "Elbow_R",
            "time": [0.0, 0.4167],
            "transform": [
                [-1.0, 0.0, -0.0, 0.0, 0.0, 0.0, -1.0, 0.3, -0.0, -1.0, -0.0, -0.0, 0.0, 0.0, 0.0, 1.0],
                [-1.0, 0.0, -0.0, -0.0, -0.0, 0.0, -1.0, 0.3, -0.0, -1.0, 0.0, -0.0, 0.0, 0.0, 0.0, 1.0]
            ]
        },
        {
            "name": "Shoulder_L",
            "time": [0.0, 0.4167],
            "transform": [
                [-0.0, -0.952114, -0.305743, 0.0, 0.0, -0.305743, 0.952114, 0.4, -1.0, 0.0, 0.0, 0.0, 0.0, 0.0, 0.0, 1.0],
                [-0.0, -0.952114, -0.305743, -0.0, 0.0, -0.305743, 0.952114, 0.4, -1.0, 0.0, 0.0, 0.0, 0.0, 0.0, 0.0, 1.0]
            ]
        },
        {
            "name": "Arm_L",
            "time": [0.0, 0.0167, 0.0333, 0.05, 0.0667, 0.0833, 0.1, 0.1167, 0.1333, 0.15, 0.1667, 0.1833, 0.2, 0.2167, 0.2333, 0.25, 0.2667, 0.2833, 0.3, 0.3167, 0.3333, 0.35, 0.3667, 0.3833, 0.4, 0.4167],
            "transform": [
                [-0.0, -0.0, 1.0, 0.0, -0.952114, 0.305743, -0.0, 0.39386, -0.305743, -0.952114, -0.0, -0.0, 0.0, 0.0, 0.0, 1.0],
                [0.03665, 0.000103, 0.999328, -0.006457, -0.91034, 0.412517, 0.033344, 0.396533, -0.412236, -0.91095, 0.015213, 0.002457, 0.0, 0.0, 0.0, 1.0],
                [0.126941, -0.007336, 0.991883, -0.0226, -0.752847, 0.650375, 0.101159, 0.403214, -0.645838, -0.759578, 0.077037, 0.008598, 0.0, 0.0, 0.0, 1.0],
                [0.234831, -0.027452, 0.971649, -0.043585, -0.478, 0.867127, 0.140024, 0.411899, -0.846387, -0.497329, 0.190506, 0.016582, 0.0, 0.0, 0.0, 1.0],
                [0.33181, -0.030448, 0.942855, -0.06457, -0.21622, 0.970416, 0.10743, 0.420584, -0.918232, -0.23951, 0.315411, 0.024566, 0.0, 0.0, 0.0, 1.0],
                [0.415007, 0.039756, 0.908949, -0.080713, -0.12109, 0.99257, 0.011873, 0.427265, -0.901724, -0.114993, 0.416738, 0.030708, 0.0, 0.0, 0.0, 1.0],
                [0.429747, 0.380662, 0.818788, -0.08717, -0.340261, 0.908216, -0.24365, 0.429938, -0.836385, -0.173894, 0.519828, 0.033164, 0.0, 0.0, 0.0, 1.0],
                [0.338323, 0.644552, 0.685631, -0.086866, -0.501137, 0.740094, -0.448467, 0.429812, -0.796492, -0.191868, 0.573399, 0.033049, 0.0, 0.0, 0.0, 1.0],
                [0.243385, 0.787963, 0.565577, -0.085983, -0.581366, 0.58527, -0.565219, 0.429446, -0.776387, -0.191242, 0.600541, 0.032713, 0.0, 0.0, 0.0, 1.0],
                [0.172586, 0.861234, 0.478006, -0.084564, -0.612075, 0.47399, -0.633007, 0.428859, -0.771737, -0.183328, 0.608944, 0.032173, 0.0, 0.0, 0.0, 1.0],
                [0.131195, 0.899217, 0.417367, -0.082652, -0.616494, 0.403702, -0.675988, 0.428068, -0.776352, -0.168618, 0.607326, 0.031445, 0.0, 0.0, 0.0, 1.0],
                [0.117397, 0.921626, 0.369895, -0.08029, -0.609187, 0.360991, -0.706099, 0.42709, -0.784289, -0.142441, 0.603822, 0.030547, 0.0, 0.0, 0.0, 1.0],
                [0.127938, 0.939206, 0.318627, -0.07752, -0.600494, 0.329042, -0.728793, 0.425944, -0.789328, -0.098094, 0.606085, 0.029493, 0.0, 0.0, 0.0, 1.0],
                [0.203555, 0.94401, 0.259635, -0.074385, -0.599296, 0.32984, -0.729417, 0.424646, -0.774215, -0.007121, 0.632882, 0.0283, 0.0, 0.0, 0.0, 1.0],
                [0.355264, 0.91366, 0.197516, -0.070929, -0.592158, 0.383466, -0.708733, 0.423216, -0.723282, 0.134827, 0.677263, 0.026985, 0.0, 0.0, 0.0, 1.0],
                [0.529598, 0.837861, 0.132343, -0.067194, -0.555461, 0.460466, -0.692413, 0.42167, -0.641085, 0.293189, 0.709261, 0.025564, 0.0, 0.0, 0.0, 1.0],
                [0.679104, 0.729797, 0.07883, -0.063223, -0.480868, 0.523444, -0.703401, 0.420027, -0.554603, 0.439776, 0.706408, 0.024054, 0.0, 0.0, 0.0, 1.0],
                [0.778248, 0.625098, 0.059868, -0.059059, -0.374113, 0.538109, -0.755301, 0.418303, -0.504352, 0.565414, 0.652639, 0.022469, 0.0, 0.0, 0.0, 1.0],
                [0.798061, 0.596033, 0.088554, -0.054745, -0.245914, 0.456321, -0.855159, 0.416518, -0.550113, 0.660693, 0.510745, 0.020828, 0.0, 0.0, 0.0, 1.0],
                [0.778629, 0.614388, 0.127532, -0.050324, -0.159142, 0.389951, -0.90698, 0.414688, -0.606968, 0.685905, 0.401403, 0.019146, 0.0, 0.0, 0.0, 1.0],
                [0.762833, 0.624063, 0.16921, -0.045838, -0.142002, 0.416996, -0.897747, 0.412832, -0.63081, 0.660803, 0.406716, 0.017439, 0.0, 0.0, 0.0, 1.0],
                [0.728088, 0.647243, 0.225752, -0.041331, -0.143062, 0.465557, -0.873378, 0.410966, -0.670388, 0.6036, 0.431563, 0.015725, 0.0, 0.0, 0.0, 1.0],
                [0.673188, 0.676517, 0.298567, -0.036846, -0.164989, 0.530993, -0.831159, 0.40911, -0.72083, 0.510266, 0.469076, 0.014018, 0.0, 0.0, 0.0, 1.0],
                [0.597333, 0.701612, 0.388502, -0.032425, -0.211277, 0.604974, -0.767703, 0.40728, -0.773664, 0.376493, 0.509606, 0.012336, 0.0, 0.0, 0.0, 1.0],
                [0.502277, 0.709879, 0.49375, -0.028111, -0.284061, 0.674771, -0.681171, 0.405495, -0.816717, 0.201881, 0.540571, 0.010695, 0.0, 0.0, 0.0, 1.0],
                [0.394353, 0.689051, 0.608025, -0.023947, -0.381233, 0.724693, -0.574005, 0.403771, -0.83615, -0.005438, 0.548474, 0.009111, 0.0, 0.0, 0.0, 1.0]
            ]
        },
        {
            "name": "Hand_L",
            "time": [0.0, 0.4167],
            "transform": [
                [1.0, -0.0, 0.0, -0.0, 0.0, 0.993937, 0.109947, 0.3, -0.0, -0.109947, 0.993937, 0.0, 0.0, 0.0, 0.0, 1.0],
                [1.0, -0.0, 0.0, -0.0, 0.0, 0.993937, 0.109947, 0.3, -0.0, -0.109947, 0.993937, -0.0, 0.0, 0.0, 0.0, 1.0]
            ]
        },
        {
            "name": "Tool_L",
            "time": [0.0, 0.0167, 0.0333, 0.05, 0.0667, 0.0833, 0.1, 0.1167, 0.1333, 0.15, 0.1667, 0.1833, 0.2, 0.2167, 0.2333, 0.25, 0.2667, 0.2833, 0.3, 0.3167, 0.3333, 0.35, 0.3667, 0.3833, 0.4, 0.4167],
            "transform": [
                [1.0, 0.0, 0.0, -0.0, -0.0, -0.999836, 0.018122, 0.272858, 0.0, -0.018122, -0.999836, 0.0, 0.0, 0.0, 0.0, 1.0],
                [1.0, 0.0, 0.0, 0.0, -0.0, -0.999836, 0.018122, 0.272858, 0.0, -0.018122, -0.999836, -0.0, 0.0, 0.0, 0.0, 1.0],
                [1.0, 0.0, 0.0, -0.0, -0.0, -0.999836, 0.018122, 0.272858, 0.0, -0.018122, -0.999836, 0.0, 0.0, 0.0, 0.0, 1.0],
                [1.0, 0.0, 0.0, -0.0, 0.0, -0.999836, 0.018122, 0.272858, 0.0, -0.018122, -0.999836, -0.0, 0.0, 0.0, 0.0, 1.0],
                [1.0, -0.0, 0.0, 0.0, 0.0, -0.999836, 0.018122, 0.272858, 0.0, -0.018122, -0.999836, 0.0, 0.0, 0.0, 0.0, 1.0],
                [1.0, -0.0, 0.0, -0.0, 0.0, -0.999836, 0.018122, 0.272858, 0.0, -0.018122, -0.999836, -0.0, 0.0, 0.0, 0.0, 1.0],
                [1.0, 0.0, 0.0, -0.0, 0.0, -0.999836, 0.018122, 0.272858, 0.0, -0.018122, -0.999836, -0.0, 0.0, 0.0, 0.0, 1.0],
                [1.0, 0.0, 0.0, 0.0, 0.0, -0.999836, 0.018122, 0.272858, 0.0, -0.018122, -0.999836, -0.0, 0.0, 0.0, 0.0, 1.0],
                [1.0, 0.0, 0.0, -0.0, 0.0, -0.999836, 0.018122, 0.272858, 0.0, -0.018122, -0.999836, 0.0, 0.0, 0.0, 0.0, 1.0],
                [1.0, 0.0, 0.0, 0.0, -0.0, -0.999836, 0.018122, 0.272858, 0.0, -0.018122, -0.999836, 0.0, 0.0, 0.0, 0.0, 1.0],
                [1.0, -0.0, 0.0, 0.0, -0.0, -0.999836, 0.018122, 0.272858, 0.0, -0.018122, -0.999836, 0.0, 0.0, 0.0, 0.0, 1.0],
                [1.0, 0.0, 0.0, 0.0, -0.0, -0.999836, 0.018122, 0.272858, 0.0, -0.018122, -0.999836, -0.0, 0.0, 0.0, 0.0, 1.0],
                [1.0, 0.0, 0.0, -0.0, -0.0, -0.999836, 0.018122, 0.272858, 0.0, -0.018122, -0.999836, 0.0, 0.0, 0.0, 0.0, 1.0],
                [1.0, -0.0, 0.0, -0.0, -0.0, -0.999836, 0.018122, 0.272858, 0.0, -0.018122, -0.999836, -0.0, 0.0, 0.0, 0.0, 1.0],
                [1.0, -0.0, 0.0, 0.0, 0.0, -0.999836, 0.018122, 0.272858, 0.0, -0.018122, -0.999836, 0.0, 0.0, 0.0, 0.0, 1.0],
                [1.0, -0.0, 0.0, 0.0, -0.0, -0.999836, 0.018122, 0.272858, 0.0, -0.018122, -0.999836, -0.0, 0.0, 0.0, 0.0, 1.0],
