{
    "animation": [
        {
            "name": "Root",
            "time": [0.0, 0.0167, 0.0333, 0.05, 0.0667, 0.0833, 0.1, 0.1167, 0.1333, 0.15, 0.1667, 0.1833, 0.2, 0.2167, 0.2333, 0.25, 0.2667, 0.2833, 0.3, 0.3167, 0.3333, 0.35, 0.3667, 0.3833, 0.4, 0.4167],
            "transform": [
                [1.0, 0.0, 0.0, -5e-06, 0.0, 0.0, -1.0, 0.000946, 0.0, 1.0, 0.0, 0.763972, 0.0, 0.0, 0.0, 1.0],
                [0.9944, 0.093347, 0.049542, -5e-06, 0.043252, 0.068243, -0.996731, -0.030254, -0.096422, 0.993292, 0.063823, 0.741339, 0.0, 0.0, 0.0, 1.0],
                [0.925201, 0.318077, 0.206956, -5e-06, 0.126578, 0.255463, -0.958497, -0.104654, -0.357745, 0.912998, 0.196093, 0.687108, 0.0, 0.0, 0.0, 1.0],
                [0.709312, 0.539831, 0.453276, -5e-06, 0.15933, 0.503614, -0.849109, -0.193454, -0.686652, 0.674504, 0.271208, 0.621784, 0.0, 0.0, 0.0, 1.0],
                [0.376287, 0.627618, 0.681545, -5e-06, 0.104387, 0.702207, -0.704279, -0.267854, -0.920604, 0.336156, 0.198716, 0.556382, 0.0, 0.0, 0.0, 1.0],
                [0.047447, 0.601202, 0.797687, -5e-06, 0.033222, 0.797195, -0.602807, -0.299054, -0.998321, 0.055102, 0.017851, 0.463972, 0.0, 0.0, 0.0, 1.0],
                [-0.212655, 0.534572, 0.817931, -5e-06, -0.022344, 0.834198, -0.551013, -0.298076, -0.976872, -0.135451, -0.165452, 0.325623, 0.0, 0.0, 0.0, 1.0],
                [-0.406539, 0.444924, 0.797978, -5e-06, -0.087735, 0.850364, -0.51883, -0.295231, -0.909412, -0.280935, -0.306671, 0.192367, 0.0, 0.0, 0.0, 1.0],
                [-0.554411, 0.345423, 0.757174, -5e-06, -0.152664, 0.85215, -0.500533, -0.290654, -0.818121, -0.393094, -0.419708, 0.132722, 0.0, 0.0, 0.0, 1.0],
                [-0.673734, 0.237832, 0.699656, -5e-06, -0.211964, 0.844814, -0.491285, -0.284476, -0.707923, -0.479297, -0.518768, 0.141251, 0.0, 0.0, 0.0, 1.0],
                [-0.775261, 0.119164, 0.620299, -5e-06, -0.262099, 0.832816, -0.487567, -0.276831, -0.574695, -0.540571, -0.614417, 0.163679, 0.0, 0.0, 0.0, 1.0],
                [-0.861367, -0.013684, 0.5078, -5e-06, -0.29975, 0.820745, -0.486341, -0.267854, -0.410119, -0.571132, -0.711064, 0.195263, 0.0, 0.0, 0.0, 1.0],
                [-0.923914, -0.158612, 0.348173, -5e-06, -0.32198, 0.813898, -0.483632, -0.257676, -0.206667, -0.558939, -0.803042, 0.231261, 0.0, 0.0, 0.0, 1.0],
                [-0.942246, -0.305858, 0.136469, -5e-06, -0.333696, 0.82249, -0.460606, -0.246431, 0.028636, -0.479543, -0.877051, 0.267704, 0.0, 0.0, 0.0, 1.0],
                [-0.894546, -0.433347, -0.109533, -5e-06, -0.35705, 0.840206, -0.408128, -0.234254, 0.268892, -0.325981, -0.90633, 0.303709, 0.0, 0.0, 0.0, 1.0],
                [-0.778587, -0.51875, -0.353131, -5e-06, -0.408143, 0.846047, -0.342965, -0.221276, 0.476678, -0.1229, -0.870445, 0.339167, 0.0, 0.0, 0.0, 1.0],
                [-0.616014, -0.560438, -0.553567, -5e-06, -0.488865, 0.82302, -0.289222, -0.207631, 0.617688, 0.092455, -0.78097, 0.373968, 0.0, 0.0, 0.0, 1.0],
                [-0.438752, -0.580945, -0.685565, -5e-06, -0.589498, 0.761891, -0.268354, -0.193454, 0.678225, 0.286398, -0.676747, 0.408001, 0.0, 0.0, 0.0, 1.0],
                [-0.262243, -0.587583, -0.76549, -5e-06, -0.681059, 0.674676, -0.284556, -0.178876, 0.683658, 0.446721, -0.577107, 0.441156, 0.0, 0.0, 0.0, 1.0],
                [-0.087991, -0.570476, -0.816587, -5e-06, -0.743127, 0.583495, -0.32756, -0.164031, 0.66334, 0.578005, -0.475279, 0.473324, 0.0, 0.0, 0.0, 1.0],
                [0.079794, -0.53693, -0.839845, -5e-06, -0.776575, 0.494741, -0.390081, -0.149054, 0.624951, 0.683329, -0.377489, 0.504395, 0.0, 0.0, 0.0, 1.0],
                [0.238317, -0.492455, -0.837074, -5e-06, -0.783215, 0.412194, -0.465479, -0.134076, 0.574265, 0.76654, -0.287465, 0.534259, 0.0, 0.0, 0.0, 1.0],
                [0.38539, -0.441132, -0.810479, -5e-06, -0.765289, 0.337943, -0.547839, -0.119231, 0.515565, 0.831383, -0.207354, 0.562804, 0.0, 0.0, 0.0, 1.0],
                [0.519034, -0.386045, -0.762609, -5e-06, -0.72538, 0.273006, -0.631895, -0.104654, 0.452137, 0.881157, -0.13833, 0.589923, 0.0, 0.0, 0.0, 1.0],
                [0.637386, -0.329632, -0.696478, -5e-06, -0.666509, 0.217713, -0.712999, -0.090476, 0.386659, 0.918664, -0.080935, 0.615504, 0.0, 0.0, 0.0, 1.0],
                [0.738849, -0.27392, -0.615687, -5e-06, -0.592255, 0.171887, -0.787203, -0.076831, 0.321459, 0.946268, -0.035231, 0.639438, 0.0, 0.0, 0.0, 1.0]
            ]
        },
        {
            "name": "Thigh_R",
            "time": [0.0, 0.0167, 0.0333, 0.05, 0.0667, 0.0833, 0.1, 0.1167, 0.1333, 0.15, 0.1667, 0.1833, 0.2, 0.2167, 0.2333, 0.25, 0.2667, 0.2833, 0.3, 0.3167, 0.3333, 0.35, 0.3667, 0.3833, 0.4, 0.4167],
            "transform": [
                [1.0, -0.0, -0.0, 0.124994, -0.0, -0.999999, 0.0, -0.002831, -0.0, -0.0, -1.0, -1.2e-05, 0.0, 0.0, 0.0, 1.0],
                [0.999419, 0.030393, 0.015439, 0.124994, 0.028284, -0.992109, 0.122144, -0.002831, 0.019029, -0.121636, -0.992392, -1.2e-05, 0.0, 0.0, 0.0, 1.0],
                [0.992865, 0.112978, 0.038139, 0.124994, 0.086825, -0.904201, 0.418187, -0.002831, 0.081731, -0.411892, -0.90756, -1.2e-05, 0.0, 0.0, 0.0, 1.0],
                [0.975413, 0.217961, 0.032569, 0.124994, 0.126601, -0.67515, 0.726735, -0.002831, 0.180389, -0.704744, -0.686145, -1.2e-05, 0.0, 0.0, 0.0, 1.0],
                [0.954469, 0.298286, 0.00369, 0.124994, 0.125798, -0.413689, 0.901684, -0.002831, 0.270487, -0.860166, -0.432377, -1.2e-05, 0.0, 0.0, 0.0, 1.0],
                [0.942815, 0.333278, -0.00503, 0.124994, 0.110302, -0.297722, 0.948258, -0.002831, 0.314537, -0.894587, -0.317459, -1.2e-05, 0.0, 0.0, 0.0, 1.0],
                [0.939427, 0.342626, 0.009147, 0.124994, 0.10043, -0.300684, 0.948421, -0.002831, 0.327704, -0.890054, -0.316881, -1.2e-05, 0.0, 0.0, 0.0, 1.0],
                [0.936816, 0.349221, 0.020475, 0.124994, 0.093785, -0.307111, 0.947041, -0.002831, 0.337015, -0.885283, -0.320458, -1.2e-05, 0.0, 0.0, 0.0, 1.0],
                [0.935023, 0.353326, 0.029862, 0.124994, 0.089793, -0.317407, 0.944028, -0.002831, 0.343028, -0.880007, -0.32851, -1.2e-05, 0.0, 0.0, 0.0, 1.0],
                [0.934021, 0.355171, 0.038172, 0.124994, 0.087871, -0.332019, 0.93917, -0.002831, 0.34624, -0.873851, -0.341323, -1.2e-05, 0.0, 0.0, 0.0, 1.0],
                [0.933743, 0.354943, 0.046239, 0.124994, 0.087423, -0.35141, 0.93213, -0.002831, 0.347103, -0.866328, -0.359158, -1.2e-05, 0.0, 0.0, 0.0, 1.0],
                [0.934096, 0.352778, 0.054877, 0.124994, 0.087828, -0.376043, 0.92243, -0.002831, 0.346049, -0.856818, -0.382245, -1.2e-05, 0.0, 0.0, 0.0, 1.0],
                [0.93497, 0.348741, 0.064888, 0.124994, 0.088448, -0.406338, 0.909431, -0.002831, 0.343522, -0.844552, -0.41076, -1.2e-05, 0.0, 0.0, 0.0, 1.0],
                [0.936648, 0.341998, 0.075675, 0.124994, 0.089538, -0.442644, 0.892215, -0.002831, 0.338633, -0.828916, -0.445224, -1.2e-05, 0.0, 0.0, 0.0, 1.0],
                [0.939427, 0.331808, 0.085901, 0.124994, 0.091528, -0.484384, 0.870054, -0.002831, 0.3303, -0.80949, -0.485414, -1.2e-05, 0.0, 0.0, 0.0, 1.0],
                [0.943181, 0.318346, 0.095209, 0.124994, 0.093994, -0.530447, 0.84249, -0.002831, 0.318707, -0.785672, -0.530231, -1.2e-05, 0.0, 0.0, 0.0, 1.0],
                [0.94775, 0.301856, 0.103208, 0.124994, 0.09648, -0.579591, 0.809175, -0.002831, 0.304073, -0.756938, -0.578431, -1.2e-05, 0.0, 0.0, 0.0, 1.0],
                [0.952946, 0.282666, 0.109511, 0.124994, 0.098529, -0.630461, 0.769941, -0.002831, 0.286679, -0.722923, -0.628647, -1.2e-05, 0.0, 0.0, 0.0, 1.0],
                [0.958558, 0.261195, 0.113766, 0.124994, 0.099707, -0.681635, 0.724866, -0.002831, 0.266879, -0.683483, -0.679431, -1.2e-05, 0.0, 0.0, 0.0, 1.0],
                [0.964361, 0.237951, 0.115695, 0.124994, 0.099642, -0.731687, 0.674318, -0.002831, 0.245108, -0.638758, -0.729321, -1.2e-05, 0.0, 0.0, 0.0, 1.0],
                [0.970133, 0.21351, 0.115125, 0.124994, 0.098051, -0.779267, 0.618973, -0.002831, 0.221871, -0.589198, -0.776928, -1.2e-05, 0.0, 0.0, 0.0, 1.0],
                [0.975665, 0.188491, 0.112015, 0.124994, 0.094765, -0.823193, 0.559795, -0.002831, 0.197727, -0.535558, -0.821025, -1.2e-05, 0.0, 0.0, 0.0, 1.0],
                [0.980778, 0.163518, 0.106464, 0.124994, 0.089746, -0.862527, 0.497987, -0.002831, 0.173258, -0.478861, -0.860624, -1.2e-05, 0.0, 0.0, 0.0, 1.0],
                [0.985334, 0.139185, 0.09871, 0.124994, 0.083085, -0.896629, 0.434915, -0.002831, 0.14904, -0.420335, -0.895045, -1.2e-05, 0.0, 0.0, 0.0, 1.0],
                [0.989241, 0.116019, 0.08911, 0.124994, 0.074996, -0.925191, 0.372015, -0.002831, 0.125604, -0.36133, -0.923939, -1.2e-05, 0.0, 0.0, 0.0, 1.0],
                [0.992459, 0.094456, 0.078117, 0.124994, 0.06579, -0.948225, 0.310708, -0.002831, 0.10342, -0.303226, -0.94729, -1.2e-05, 0.0, 0.0, 0.0, 1.0]
            ]
        },
        {
            "name": "Leg_R",
            "time": [0.0, 0.4167],
            "transform": [
                [1.0, -0.0, -0.0, 0.0, 0.0, 1.000001, 0.0, 0.37472, 0.0, -0.0, 0.999999, 0.0, 0.0, 0.0, 0.0, 1.0],
                [1.0, -0.0, -0.0, 0.0, 0.0, 1.000001, -0.0, 0.37472, 0.0, 0.0, 0.999999, 0.0, 0.0, 0.0, 0.0, 1.0]
            ]
        },
        {
            "name": "Knee_R",
            "time": [0.0, 0.4167],
            "transform": [
                [1.0, 0.0, -0.0, -0.0, -0.0, 0.0, -1.0, 0.37472, -0.0, 1.0, 0.0, 0.0, 0.0, 0.0, 0.0, 1.0],
                [1.0, 0.0, -1e-06, -0.0, -0.0, 0.0, -1.0, 0.37472, -0.0, 1.0, 0.0, 0.0, 0.0, 0.0, 0.0, 1.0]
            ]
        },
        {
            "name": "Thigh_L",
            "time": [0.0, 0.0167, 0.0333, 0.05, 0.0667, 0.0833, 0.1, 0.1167, 0.1333, 0.15, 0.1667, 0.1833, 0.2, 0.2167, 0.2333, 0.25, 0.2667, 0.2833, 0.3, 0.3167, 0.3333, 0.35, 0.3667, 0.3833, 0.4, 0.4167],
            "transform": [
                [1.0, -0.0, -0.0, -0.125006, -0.0, -0.999998, 0.0, -0.002831, -0.0, -0.0, -1.0, -1.2e-05, 0.0, 0.0, 0.0, 1.0],
                [0.999994, -0.000515, 0.003471, -0.125006, -0.000925, -0.992871, 0.119178, -0.002831, 0.003385, -0.11918, -0.992867, -1.2e-05, 0.0, 0.0, 0.0, 1.0],
                [0.999914, -0.003305, 0.012645, -0.125006, -0.00807, -0.917149, 0.398458, -0.002831, 0.010281, -0.398525, -0.9171, -1.2e-05, 0.0, 0.0, 0.0, 1.0],
                [0.999585, -0.010108, 0.026976, -0.125006, -0.0259, -0.725331, 0.687911, -0.002831, 0.012613, -0.688323, -0.725294, -1.2e-05, 0.0, 0.0, 0.0, 1.0],
                [0.998562, -0.024421, 0.047712, -0.125006, -0.05355, -0.492691, 0.868555, -0.002831, 0.002296, -0.869859, -0.493291, -1.2e-05, 0.0, 0.0, 0.0, 1.0],
                [0.995465, -0.054703, 0.077824, -0.125006, -0.092038, -0.347082, 0.933307, -0.002831, -0.024044, -0.936236, -0.350543, -1.2e-05, 0.0, 0.0, 0.0, 1.0],
                [0.975904, -0.185661, 0.114637, -0.125006, -0.168763, -0.309206, 0.935901, -0.002831, -0.138314, -0.932694, -0.333089, -1.2e-05, 0.0, 0.0, 0.0, 1.0],
                [0.873196, -0.467294, 0.13843, -0.125006, -0.301639, -0.295077, 0.906611, -0.002831, -0.382807, -0.833404, -0.398615, -1.2e-05, 0.0, 0.0, 0.0, 1.0],
                [0.599821, -0.793451, 0.103183, -0.125006, -0.470091, -0.245108, 0.847901, -0.002831, -0.647478, -0.557094, -0.520017, -1.2e-05, 0.0, 0.0, 0.0, 1.0],
                [0.19646, -0.980453, -0.010531, -0.125006, -0.610826, -0.130782, 0.780889, -0.002831, -0.767003, -0.146981, -0.624582, -1.2e-05, 0.0, 0.0, 0.0, 1.0],
                [-0.158059, -0.976576, -0.145988, -0.125006, -0.679668, 0.000351, 0.733519, -0.002831, -0.716287, 0.215162, -0.663805, -1.2e-05, 0.0, 0.0, 0.0, 1.0],
                [-0.364592, -0.899287, -0.241561, -0.125006, -0.697438, 0.091845, 0.710734, -0.002831, -0.616969, 0.427601, -0.660686, -1.2e-05, 0.0, 0.0, 0.0, 1.0],
                [-0.430271, -0.859572, -0.275681, -0.125006, -0.698982, 0.124001, 0.704307, -0.002831, -0.571218, 0.495738, -0.654181, -1.2e-05, 0.0, 0.0, 0.0, 1.0],
                [-0.294337, -0.921269, -0.25422, -0.125006, -0.675859, 0.012581, 0.736923, -0.002831, -0.675707, 0.388719, -0.626352, -1.2e-05, 0.0, 0.0, 0.0, 1.0],
                [0.032496, -0.969954, -0.241101, -0.125006, -0.556969, -0.217874, 0.801446, -0.002831, -0.829897, 0.108242, -0.547316, -1.2e-05, 0.0, 0.0, 0.0, 1.0],
                [0.344797, -0.895018, -0.282938, -0.125006, -0.362281, -0.404952, 0.839503, -0.002831, -0.865948, -0.186955, -0.463876, -1.2e-05, 0.0, 0.0, 0.0, 1.0],
                [0.550011, -0.760072, -0.346087, -0.125006, -0.182257, -0.513646, 0.838421, -0.002831, -0.815027, -0.398064, -0.421041, -1.2e-05, 0.0, 0.0, 0.0, 1.0],
                [0.657025, -0.648308, -0.384726, -0.125006, -0.086832, -0.572019, 0.815631, -0.002831, -0.748851, -0.502482, -0.432126, -1.2e-05, 0.0, 0.0, 0.0, 1.0],
                [0.720664, -0.569013, -0.396062, -0.125006, -0.055312, -0.616651, 0.78529, -0.002831, -0.691073, -0.544023, -0.475873, -1.2e-05, 0.0, 0.0, 0.0, 1.0],
                [0.774597, -0.490552, -0.399195, -0.125006, -0.03343, -0.662057, 0.748707, -0.002831, -0.63157, -0.5666, -0.529228, -1.2e-05, 0.0, 0.0, 0.0, 1.0],
                [0.820437, -0.414598, -0.393688, -0.125006, -0.019093, -0.708065, 0.705888, -0.002831, -0.571418, -0.571619, -0.588841, -1.2e-05, 0.0, 0.0, 0.0, 1.0],
                [0.859362, -0.342634, -0.379602, -0.125006, -0.010435, -0.753921, 0.65688, -0.002831, -0.51126, -0.560536, -0.651469, -1.2e-05, 0.0, 0.0, 0.0, 1.0],
                [0.892211, -0.276, -0.357467, -0.125006, -0.005829, -0.798494, 0.601972, -0.002831, -0.45158, -0.535001, -0.714037, -1.2e-05, 0.0, 0.0, 0.0, 1.0],
                [0.919593, -0.215864, -0.328253, -0.125006, -0.003892, -0.840486, 0.541816, -0.002831, -0.392851, -0.496972, -0.773748, -1.2e-05, 0.0, 0.0, 0.0, 1.0],
                [0.941988, -0.163151, -0.293324, -0.125006, -0.003493, -0.878627, 0.477492, -0.002831, -0.335626, -0.448766, -0.828229, -1.2e-05, 0.0, 0.0, 0.0, 1.0],
                [0.95983, -0.118458, -0.254349, -0.125006, -0.003763, -0.911859, 0.410483, -0.002831, -0.280556, -0.393036, -0.875677, -1.2e-05, 0.0, 0.0, 0.0, 1.0]
            ]
        },
        {
            "name": "Leg_L",
            "time": [0.0, 0.4167],
            "transform": [
                [1.0, -0.0, 0.0, -0.0, 0.0, 1.0, 0.0, 0.37472, -0.0, -0.0, 1.0, 0.0, 0.0, 0.0, 0.0, 1.0],
                [1.0, 0.0, 0.0, 0.0, 0.0, 1.0, -0.0, 0.37472, 0.0, 0.0, 1.0, -0.0, 0.0, 0.0, 0.0, 1.0]
            ]
        },
        {
            "name": "Knee_L",
            "time": [0.0, 0.4167],
            "transform": [
                [1.0, 0.0, -0.0, -0.0, -0.0, 0.0, -1.0, 0.37472, -0.0, 1.0, 0.0, 0.0, 0.0, 0.0, 0.0, 1.0],
                [1.0, 0.0, -0.0, -0.0, -0.0, 0.0, -1.0, 0.37472, -0.0, 1.0, 0.0, 0.0, 0.0, 0.0, 0.0, 1.0]
            ]
        },
        {
            "name": "Torso",
            "time": [0.0, 0.0167, 0.0333, 0.05, 0.0667, 0.0833, 0.1, 0.1167, 0.1333, 0.15, 0.1667, 0.1833, 0.2, 0.2167, 0.2333, 0.25, 0.2667, 0.2833, 0.3, 0.3167, 0.3333, 0.35, 0.3667, 0.3833, 0.4, 0.4167],
            "transform": [
                [1.0, 0.0, 0.0, 0.0, 0.0, 1.0, 0.0, 0.05, 0.0, 0.0, 1.0, 0.0, 0.0, 0.0, 0.0, 1.0],
                [0.997037, -0.008745, 0.076419, 0.0, 0.01208, 0.99899, -0.043291, 0.05, -0.075964, 0.044086, 0.996136, 0.0, 0.0, 0.0, 0.0, 1.0],
                [0.963133, -0.016129, 0.268542, -0.0, 0.056544, 0.98804, -0.143455, 0.05, -0.263017, 0.153351, 0.952526, 0.0, 0.0, 0.0, 0.0, 1.0],
                [0.864769, 0.004064, 0.502154, -0.0, 0.13877, 0.959094, -0.246741, 0.05, -0.482615, 0.283058, 0.828831, 0.0, 0.0, 0.0, 0.0, 1.0],
                [0.718539, 0.048232, 0.693812, 0.0, 0.232924, 0.923294, -0.30541, 0.05, -0.655322, 0.381054, 0.652188, 0.0, 0.0, 0.0, 0.0, 1.0],
                [0.588442, 0.080516, 0.80452, 0.0, 0.294017, 0.9056, -0.305682, 0.05, -0.753186, 0.416419, 0.509221, 0.0, 0.0, 0.0, 0.0, 1.0],
                [0.502424, 0.009424, 0.86457, 0.0, 0.241927, 0.958467, -0.151038, 0.05, -0.830085, 0.285048, 0.479277, 0.0, 0.0, 0.0, 0.0, 1.0],
                [0.463328, -0.171917, 0.869351, 0.0, 0.068652, 0.985018, 0.158201, 0.05, -0.883524, -0.013616, 0.468189, 0.0, 0.0, 0.0, 0.0, 1.0],
                [0.475281, -0.328201, 0.816329, 0.0, -0.096128, 0.902896, 0.418973, 0.05, -0.874567, -0.277602, 0.39758, -0.0, 0.0, 0.0, 0.0, 1.0],
                [0.498218, -0.396278, 0.771196, -0.0, -0.187905, 0.81896, 0.542214, 0.05, -0.846446, -0.415052, 0.333558, 0.0, 0.0, 0.0, 0.0, 1.0],
                [0.524802, -0.413502, 0.744042, -0.0, -0.243022, 0.764922, 0.596519, 0.05, -0.815796, -0.493873, 0.300942, 0.0, 0.0, 0.0, 0.0, 1.0],
                [0.552627, -0.404024, 0.72895, -0.0, -0.271367, 0.739749, 0.615737, 0.05, -0.788012, -0.538086, 0.299167, 0.0, 0.0, 0.0, 0.0, 1.0],
                [0.583339, -0.386416, 0.714422, 0.0, -0.27809, 0.731405, 0.622666, 0.05, -0.76314, -0.561899, 0.319199, -0.0, 0.0, 0.0, 0.0, 1.0],
                [0.617298, -0.36812, 0.695292, -0.0, -0.271785, 0.729581, 0.627571, 0.05, -0.738293, -0.576368, 0.350319, 0.0, 0.0, 0.0, 0.0, 1.0],
                [0.652861, -0.345248, 0.674224, 0.0, -0.259955, 0.733913, 0.627531, 0.05, -0.711475, -0.584958, 0.389394, 0.0, 0.0, 0.0, 0.0, 1.0],
                [0.689426, -0.318518, 0.650568, -0.0, -0.243455, 0.743994, 0.622257, 0.05, -0.682218, -0.587384, 0.435383, -0.0, 0.0, 0.0, 0.0, 1.0],
                [0.726353, -0.288748, 0.623728, 0.0, -0.223197, 0.759204, 0.611385, 0.05, -0.650073, -0.583296, 0.487003, 0.0, 0.0, 0.0, 0.0, 1.0],
                [0.762958, -0.256848, 0.593232, -0.0, -0.200155, 0.778726, 0.594579, 0.05, -0.614681, -0.572377, 0.542725, 0.0, 0.0, 0.0, 0.0, 1.0],
                [0.798528, -0.223812, 0.558803, -0.0, -0.175353, 0.801562, 0.571621, 0.05, -0.575851, -0.554443, 0.600823, -0.0, 0.0, 0.0, 0.0, 1.0],
                [0.832348, -0.190683, 0.52042, -0.0, -0.149835, 0.826583, 0.542504, 0.05, -0.533617, -0.529529, 0.659433, 0.0, 0.0, 0.0, 0.0, 1.0],
                [0.863748, -0.158492, 0.478352, -0.0, -0.124616, 0.852591, 0.507503, 0.05, -0.488274, -0.497965, 0.716673, -0.0, 0.0, 0.0, 0.0, 1.0],
                [0.892151, -0.128196, 0.433166, 0.0, -0.100626, 0.8784, 0.467214, 0.05, -0.440387, -0.460413, 0.770765, 0.0, 0.0, 0.0, 0.0, 1.0],
                [0.917124, -0.100608, 0.385696, -0.0, -0.07865, 0.902925, 0.422541, 0.05, -0.390765, -0.417858, 0.820181, -0.0, 0.0, 0.0, 0.0, 1.0],
                [0.938412, -0.076334, 0.336981, 0.0, -0.059274, 0.925266, 0.374659, 0.05, -0.340396, -0.371558, 0.863756, -0.0, 0.0, 0.0, 0.0, 1.0],
                [0.955954, -0.055741, 0.288177, -0.0, -0.042861, 0.944769, 0.324922, 0.05, -0.290372, -0.322962, 0.900766, -0.0, 0.0, 0.0, 0.0, 1.0],
                [0.969876, -0.038941, 0.240466, 0.0, -0.029539, 0.961055, 0.274775, 0.05, -0.241801, -0.2736, 0.930954, 0.0, 0.0, 0.0, 0.0, 1.0]
            ]
        },
        {
            "name": "Chest",
            "time": [0.0, 0.4167],
            "transform": [
                [1.0, 0.0, 0.0, 0.0, 0.0, 1.0, -0.0, 0.3, 0.0, 0.0, 1.0, 0.0, 0.0, 0.0, 0.0, 1.0],
                [1.0, -0.0, -0.0, -0.0, 0.0, 1.0, 0.0, 0.3, -0.0, 0.0, 1.0, -0.0, 0.0, 0.0, 0.0, 1.0]
            ]
        },
        {
            "name": "Head",
            "time": [0.0, 0.0167, 0.0333, 0.05, 0.0667, 0.0833, 0.1, 0.1167, 0.1333, 0.15, 0.1667, 0.1833, 0.2, 0.2167, 0.2333, 0.25, 0.2667, 0.2833, 0.3, 0.3167, 0.3333, 0.35, 0.3667, 0.3833, 0.4, 0.4167],
            "transform": [
                [1.0, 0.0, 0.0, 0.0, 0.0, 1.0, 0.0, 0.4, 0.0, 0.0, 1.0, 0.0, 0.0, 0.0, 0.0, 1.0],
                [0.998566, -0.005605, -0.053238, -0.0, 0.011855, 0.992966, 0.117808, 0.4, 0.052203, -0.11827, 0.991608, 0.0, 0.0, 0.0, 0.0, 1.0],
                [0.982407, 0.004866, -0.186693, 0.0, 0.071311, 0.914139, 0.39908, 0.4, 0.172605, -0.405372, 0.897709, 0.0, 0.0, 0.0, 0.0, 1.0],
                [0.939658, 0.063545, -0.336161, -0.0, 0.194948, 0.708007, 0.678764, 0.4, 0.281137, -0.70334, 0.652897, 0.0, 0.0, 0.0, 0.0, 1.0],
                [0.88932, 0.135677, -0.436694, -0.0, 0.329283, 0.472641, 0.817425, 0.4, 0.317305, -0.870748, 0.375654, 0.0, 0.0, 0.0, 0.0, 1.0],
                [0.862109, 0.145769, -0.485304, -0.0, 0.409127, 0.364832, 0.836369, 0.4, 0.298971, -0.919592, 0.254887, -0.0, 0.0, 0.0, 0.0, 1.0],
                [0.850845, 0.093883, -0.516963, 0.0, 0.448939, 0.381287, 0.808131, 0.4, 0.272981, -0.919677, 0.282268, -0.0, 0.0, 0.0, 0.0, 1.0],
                [0.835442, 0.028016, -0.548864, 0.0, 0.484957, 0.432278, 0.760232, 0.4, 0.25856, -0.901305, 0.347557, 0.0, 0.0, 0.0, 0.0, 1.0],
                [0.818632, -0.047515, -0.572349, -0.0, 0.515216, 0.501089, 0.695314, 0.4, 0.253761, -0.86409, 0.434688, -0.0, 0.0, 0.0, 0.0, 1.0],
                [0.804044, -0.125149, -0.58125, -0.0, 0.537252, 0.571711, 0.620086, 0.4, 0.254704, -0.810854, 0.526917, 0.0, 0.0, 0.0, 0.0, 1.0],
                [0.79547, -0.19496, -0.573774, 0.0, 0.549471, 0.631341, 0.547257, 0.4, 0.255554, -0.750599, 0.609337, 0.0, 0.0, 0.0, 0.0, 1.0],
                [0.795979, -0.247061, -0.55261, -0.0, 0.55153, 0.672231, 0.493882, 0.4, 0.249463, -0.697901, 0.671343, 0.0, 0.0, 0.0, 0.0, 1.0],
                [0.807483, -0.273728, -0.522536, 0.0, 0.543216, 0.690392, 0.477782, 0.4, 0.229972, -0.669651, 0.706173, -0.0, 0.0, 0.0, 0.0, 1.0],
                [0.849553, -0.279979, -0.44707, -0.0, 0.500307, 0.696283, 0.514668, 0.4, 0.167191, -0.66091, 0.731604, 0.0, 0.0, 0.0, 0.0, 1.0],
                [0.911521, -0.275175, -0.305628, 0.0, 0.407626, 0.703017, 0.582759, 0.4, 0.054501, -0.655779, 0.752983, 0.0, 0.0, 0.0, 0.0, 1.0],
                [0.955793, -0.26084, -0.135728, -0.0, 0.285128, 0.709381, 0.644578, 0.4, -0.071849, -0.654783, 0.752394, -0.0, 0.0, 0.0, 0.0, 1.0],
                [0.970857, -0.239459, 0.009834, -0.0, 0.169324, 0.714386, 0.678957, 0.4, -0.169607, -0.657504, 0.734113, -0.0, 0.0, 0.0, 0.0, 1.0],
                [0.973956, -0.213308, 0.076873, 0.0, 0.103304, 0.71927, 0.687008, 0.4, -0.201837, -0.661174, 0.722573, -0.0, 0.0, 0.0, 0.0, 1.0],
                [0.978682, -0.186144, 0.086788, 0.0, 0.078454, 0.729354, 0.679624, 0.4, -0.189807, -0.658326, 0.728409, 0.0, 0.0, 0.0, 0.0, 1.0],
                [0.982551, -0.16057, 0.093866, -0.0, 0.05878, 0.746881, 0.662355, 0.4, -0.176461, -0.64528, 0.743287, 0.0, 0.0, 0.0, 0.0, 1.0],
                [0.985789, -0.136473, 0.097953, 0.0, 0.043463, 0.770448, 0.63602, 0.4, -0.162267, -0.622724, 0.76543, 0.0, 0.0, 0.0, 0.0, 1.0],
                [0.988549, -0.113875, 0.099009, 0.0, 0.031753, 0.798415, 0.60127, 0.4, -0.14752, -0.591241, 0.792889, 0.0, 0.0, 0.0, 0.0, 1.0],
                [0.990928, -0.092911, 0.097106, 0.0, 0.022972, 0.829001, 0.558775, 0.4, -0.132417, -0.551476, 0.823614, -0.0, 0.0, 0.0, 0.0, 1.0],
                [0.992981, -0.073785, 0.092439, 0.0, 0.016512, 0.860379, 0.509387, 0.4, -0.117118, -0.504285, 0.855558, 0.0, 0.0, 0.0, 0.0, 1.0],
                [0.994737, -0.056729, 0.085328, 0.0, 0.011837, 0.890801, 0.45424, 0.4, -0.101779, -0.450839, 0.886783, 0.0, 0.0, 0.0, 0.0, 1.0],
                [0.996209, -0.041952, 0.076213, 0.0, 0.008485, 0.918725, 0.394807, 0.4, -0.086581, -0.392664, 0.915597, 0.0, 0.0, 0.0, 0.0, 1.0]
            ]
        },
        {
            "name": "Shoulder_R",
            "time": [0.0, 0.4167],
            "transform": [
                [0.0, 0.952114, 0.305743, 0.0, 0.0, -0.305743, 0.952114, 0.4, 1.0, 0.0, -0.0, 0.0, 0.0, 0.0, 0.0, 1.0],
                [0.0, 0.952114, 0.305743, 0.0, -0.0, -0.305743, 0.952114, 0.4, 1.0, 0.0, 0.0, 0.0, 0.0, 0.0, 0.0, 1.0]
            ]
        },
        {
            "name": "Arm_R",
            "time": [0.0, 0.0167, 0.0333, 0.05, 0.0667, 0.0833, 0.1, 0.1167, 0.1333, 0.15, 0.1667, 0.1833, 0.2, 0.2167, 0.2333, 0.25, 0.2667, 0.2833, 0.3, 0.3167, 0.3333, 0.35, 0.3667, 0.3833, 0.4, 0.4167],
            "transform": [
                [0.0, -0.0, -1.0, -0.0, 0.952114, 0.305743, 0.0, 0.393861, 0.305743, -0.952114, 0.0, -0.0, 0.0, 0.0, 0.0, 1.0],
                [-0.301455, 0.214003, -0.929154, 0.000902, 0.822145, 0.551891, -0.139625, 0.391449, 0.482912, -0.805989, -0.342312, -0.001102, 0.0, 0.0, 0.0, 1.0],
                [-0.659571, 0.240064, -0.712275, 0.003349, 0.419069, 0.904122, -0.083337, 0.384905, 0.623977, -0.353459, -0.696936, -0.004091, 0.0, 0.0, 0.0, 1.0],
                [-0.398353, 0.097019, -0.912087, 0.006956, 0.202349, 0.979187, 0.015781, 0.37526, 0.894634, -0.178274, -0.409694, -0.008498, 0.0, 0.0, 0.0, 1.0],
                [0.152041, -0.000144, -0.988375, 0.011335, 0.125494, 0.99191, 0.01916, 0.363549, 0.980375, -0.126948, 0.150828, -0.013848, 0.0, 0.0, 0.0, 1.0],
                [0.415008, -0.039756, -0.908949, 0.016101, 0.12109, 0.992571, 0.011874, 0.350804, 0.901724, -0.114993, 0.416738, -0.01967, 0.0, 0.0, 0.0, 1.0],
                [0.305338, 0.020924, -0.952015, 0.020867, 0.15116, 0.986017, 0.070152, 0.33806, 0.94017, -0.165326, 0.297905, -0.025493, 0.0, 0.0, 0.0, 1.0],
                [0.01922, 0.149315, -0.988603, 0.025247, 0.242377, 0.958595, 0.149495, 0.326348, 0.969992, -0.242487, -0.017766, -0.030843, 0.0, 0.0, 0.0, 1.0],
                [-0.279082, 0.17127, -0.94487, 0.028853, 0.305858, 0.948573, 0.081601, 0.316704, 0.910255, -0.266223, -0.317114, -0.035249, 0.0, 0.0, 0.0, 1.0],
                [-0.391541, -0.022107, -0.919895, 0.031301, 0.25742, 0.957162, -0.13257, 0.310159, 0.88342, -0.288706, -0.369078, -0.038239, 0.0, 0.0, 0.0, 1.0],
                [-0.335012, -0.241296, -0.910793, 0.032202, 0.176143, 0.933571, -0.31212, 0.307748, 0.925603, -0.264994, -0.270255, -0.03934, 0.0, 0.0, 0.0, 1.0],
                [-0.199395, -0.403756, -0.892873, 0.032052, 0.099465, 0.898125, -0.428343, 0.30815, 0.974858, -0.174219, -0.138922, -0.039156, 0.0, 0.0, 0.0, 1.0],
                [-0.048078, -0.515781, -0.85537, 0.031617, 0.04918, 0.854099, -0.517779, 0.309313, 0.997632, -0.066962, -0.015697, -0.038625, 0.0, 0.0, 0.0, 1.0],
                [0.107336, -0.584652, -0.804152, 0.030923, 0.019223, 0.809895, -0.586261, 0.31117, 0.994037, 0.047468, 0.098169, -0.037777, 0.0, 0.0, 0.0, 1.0],
                [0.25671, -0.617348, -0.743627, 0.029993, 0.004333, 0.770139, -0.637862, 0.313656, 0.966479, 0.160523, 0.200377, -0.036641, 0.0, 0.0, 0.0, 1.0],
                [0.390961, -0.621674, -0.678728, 0.028853, -0.000192, 0.737366, -0.675493, 0.316704, 0.920408, 0.264221, 0.288162, -0.035249, 0.0, 0.0, 0.0, 1.0],
                [0.502633, -0.606915, -0.615641, 0.027528, 0.001394, 0.712703, -0.701464, 0.320247, 0.864499, 0.351721, 0.359074, -0.03363, 0.0, 0.0, 0.0, 1.0],
                [0.586469, -0.583636, -0.561627, 0.026042, 0.005424, 0.696205, -0.717824, 0.324221, 0.809954, 0.417935, 0.411468, -0.031815, 0.0, 0.0, 0.0, 1.0],
                [0.639118, -0.562711, -0.524294, 0.02442, 0.009062, 0.687153, -0.726457, 0.328558, 0.769055, 0.45954, 0.444271, -0.029833, 0.0, 0.0, 0.0, 1.0],
                [0.657599, -0.553951, -0.510588, 0.022687, 0.010494, 0.684411, -0.729021, 0.333193, 0.753295, 0.474045, 0.455882, -0.027716, 0.0, 0.0, 0.0, 1.0],
                [0.648187, -0.557782, -0.518395, 0.020867, 0.020683, 0.693416, -0.720241, 0.33806, 0.7612, 0.456129, 0.460999, -0.025492, 0.0, 0.0, 0.0, 1.0],
                [0.62086, -0.567365, -0.540953, 0.018985, 0.050689, 0.717671, -0.694535, 0.343091, 0.782281, 0.403788, 0.474333, -0.023194, 0.0, 0.0, 0.0, 1.0],
                [0.576346, -0.578322, -0.577382, 0.017067, 0.100873, 0.751474, -0.652006, 0.348222, 0.810956, 0.317539, 0.491446, -0.02085, 0.0, 0.0, 0.0, 1.0],
                [0.515472, -0.584518, -0.626601, 0.015136, 0.171958, 0.786921, -0.59261, 0.353386, 0.839476, 0.197725, 0.506148, -0.01849, 0.0, 0.0, 0.0, 1.0],
                [0.440441, -0.578734, -0.686352, 0.013217, 0.263329, 0.81415, -0.517512, 0.358517, 0.858295, 0.047197, 0.510982, -0.016147, 0.0, 0.0, 0.0, 1.0],
                [0.355876, -0.554204, -0.752469, 0.011335, 0.37135, 0.822746, -0.430336, 0.363549, 0.857585, -0.126283, 0.498599, -0.013848, 0.0, 0.0, 0.0, 1.0]
            ]
        },
        {
            "name": "Hand_R",
            "time": [0.0, 0.4167],
            "transform": [
                [1.0, 0.0, 0.0, 0.0, -0.0, 0.993938, 0.109947, 0.3, -0.0, -0.109947, 0.993938, -0.0, 0.0, 0.0, 0.0, 1.0],
                [1.0, 0.0, 0.0, 0.0, -0.0, 0.993937, 0.109947, 0.3, -0.0, -0.109947, 0.993938, 0.0, 0.0, 0.0, 0.0, 1.0]
            ]
        },
        {
            "name": "Tool_R",
            "time": [0.0, 0.0167, 0.0333, 0.05, 0.0667, 0.0833, 0.1, 0.1167, 0.1333, 0.15, 0.1667, 0.1833, 0.2, 0.2167, 0.2333, 0.25, 0.2667, 0.2833, 0.3, 0.3167, 0.3333, 0.35, 0.3667, 0.3833, 0.4, 0.4167],
            "transform": [
                [1.0, 0.0, 0.0, -0.0, -0.0, -0.999836, 0.018122, 0.272858, 0.0, -0.018122, -0.999836, -0.0, 0.0, 0.0, 0.0, 1.0],
                [1.0, 0.0, 0.0, 0.0, 0.0, -0.999836, 0.018122, 0.272858, 0.0, -0.018122, -0.999836, 0.0, 0.0, 0.0, 0.0, 1.0],
                [1.0, -0.0, 0.0, -0.0, 0.0, -0.999836, 0.018122, 0.272858, 0.0, -0.018122, -0.999836, 0.0, 0.0, 0.0, 0.0, 1.0],
                [1.0, -0.0, 0.0, 0.0, -0.0, -0.999835, 0.018122, 0.272858, 0.0, -0.018122, -0.999836, -0.0, 0.0, 0.0, 0.0, 1.0],
                [1.0, 0.0, 0.0, 0.0, -0.0, -0.999836, 0.018122, 0.272858, 0.0, -0.018122, -0.999836, 0.0, 0.0, 0.0, 0.0, 1.0],
                [1.0, 0.0, 0.0, -0.0, -0.0, -0.999836, 0.018122, 0.272858, 0.0, -0.018122, -0.999836, -0.0, 0.0, 0.0, 0.0, 1.0],
                [1.0, -0.0, 0.0, -0.0, 0.0, -0.999836, 0.018122, 0.272858, 0.0, -0.018122, -0.999836, -0.0, 0.0, 0.0, 0.0, 1.0],
                [1.0, 0.0, 0.0, -0.0, -0.0, -0.999836, 0.018122, 0.272858, 0.0, -0.018122, -0.999836, -0.0, 0.0, 0.0, 0.0, 1.0],
                [1.0, -0.0, 0.0, 0.0, 0.0, -0.999836, 0.018122, 0.272858, 0.0, -0.018122, -0.999836, 0.0, 0.0, 0.0, 0.0, 1.0],
                [1.0, 0.0, 0.0, 0.0, -0.0, -0.999835, 0.018122, 0.272858, 0.0, -0.018122, -0.999836, -0.0, 0.0, 0.0, 0.0, 1.0],
                [1.0, 0.0, 0.0, -0.0, -0.0, -0.999835, 0.018122, 0.272858, 0.0, -0.018122, -0.999836, 0.0, 0.0, 0.0, 0.0, 1.0],
                [1.0, 0.0, 0.0, 0.0, 0.0, -0.999836, 0.018122, 0.272858, 0.0, -0.018122, -0.999836, 0.0, 0.0, 0.0, 0.0, 1.0],
                [1.0, -0.0, 0.0, 0.0, 0.0, -0.999835, 0.018122, 0.272858, 0.0, -0.018122, -0.999836, -0.0, 0.0, 0.0, 0.0, 1.0],
                [1.0, 0.0, 0.0, -0.0, 0.0, -0.999836, 0.018122, 0.272858, 0.0, -0.018122, -0.999836, 0.0, 0.0, 0.0, 0.0, 1.0],
                [1.0, 0.0, 0.0, 0.0, 0.0, -0.999835, 0.018122, 0.272858, 0.0, -0.018122, -0.999836, -0.0, 0.0, 0.0, 0.0, 1.0],
                [1.0, -0.0, 0.0, 0.0, -0.0, -0.999835, 0.018122, 0.272858, 0.0, -0.018122, -0.999836, -0.0, 0.0, 0.0, 0.0, 1.0],
                [1.0, 0.0, 0.0, 0.0, 0.0, -0.999836, 0.018122, 0.272858, 0.0, -0.018122, -0.999836, 0.0, 0.0, 0.0, 0.0, 1.0],
                [1.0, -0.0, 0.0, -0.0, -0.0, -0.999835, 0.018122, 0.272858, 0.0, -0.018122, -0.999836, 0.0, 0.0, 0.0, 0.0, 1.0],
                [1.0, 0.0, 0.0, 0.0, 0.0, -0.999835, 0.018122, 0.272858, 0.0, -0.018122, -0.999836, 0.0, 0.0, 0.0, 0.0, 1.0],
                [1.0, 0.0, 0.0, -0.0, 0.0, -0.999836, 0.018122, 0.272858, 0.0, -0.018122, -0.999836, 0.0, 0.0, 0.0, 0.0, 1.0],
                [1.0, -0.0, 0.0, -0.0, 0.0, -0.999836, 0.018122, 0.272858, 0.0, -0.018122, -0.999836, 0.0, 0.0, 0.0, 0.0, 1.0],
                [1.0, -0.0, 0.0, 0.0, -0.0, -0.999836, 0.018122, 0.272858, 0.0, -0.018122, -0.999836, 0.0, 0.0, 0.0, 0.0, 1.0],
                [1.0, 0.0, 0.0, 0.0, 0.0, -0.999835, 0.018122, 0.272858, 0.0, -0.018122, -0.999836, 0.0, 0.0, 0.0, 0.0, 1.0],
                [1.0, 0.0, 0.0, -0.0, -0.0, -0.999836, 0.018122, 0.272858, 0.0, -0.018122, -0.999836, 0.0, 0.0, 0.0, 0.0, 1.0],
                [1.0, -0.0, 0.0, -0.0, -0.0, -0.999836, 0.018122, 0.272858, 0.0, -0.018122, -0.999836, 0.0, 0.0, 0.0, 0.0, 1.0],
                [1.0, -0.0, 0.0, -0.0, -0.0, -0.999836, 0.018122, 0.272858, 0.0, -0.018122, -0.999836, -0.0, 0.0, 0.0, 0.0, 1.0]
            ]
        },
        {
            "name": "Elbow_R",
            "time": [0.0, 0.4167],
            "transform": [
                [-1.0, 0.0, -0.0, 0.0, 0.0, 0.0, -1.0, 0.3, -0.0, -1.0, -0.0, -0.0, 0.0, 0.0, 0.0, 1.0],
                [-1.0, 0.0, -0.0, 0.0, 0.0, 0.0, -1.0, 0.3, -0.0, -1.0, -0.0, 0.0, 0.0, 0.0, 0.0, 1.0]
            ]
        },
        {
            "name": "Shoulder_L",
            "time": [0.0, 0.4167],
            "transform": [
                [-0.0, -0.952114, -0.305743, 0.0, 0.0, -0.305743, 0.952114, 0.4, -1.0, 0.0, 0.0, 0.0, 0.0, 0.0, 0.0, 1.0],
                [-0.0, -0.952114, -0.305743, 0.0, 0.0, -0.305743, 0.952114, 0.4, -1.0, -0.0, 0.0, 0.0, 0.0, 0.0, 0.0, 1.0]
            ]
        },
        {
            "name": "Arm_L",
            "time": [0.0, 0.0167, 0.0333, 0.05, 0.0667, 0.0833, 0.1, 0.1167, 0.1333, 0.15, 0.1667, 0.1833, 0.2, 0.2167, 0.2333, 0.25, 0.2667, 0.2833, 0.3, 0.3167, 0.3333, 0.35, 0.3667, 0.3833, 0.4, 0.4167],
            "transform": [
                [-0.0, -0.0, 1.0, 0.0, -0.952114, 0.305743, -0.0, 0.39386, -0.305743, -0.952114, -0.0, -0.0, 0.0, 0.0, 0.0, 1.0],
                [-0.293036, -0.110167, 0.949733, -3.2e-05, -0.771785, 0.613574, -0.166958, 0.393784, -0.564338, -0.781914, -0.264824, -6.9e-05, 0.0, 0.0, 0.0, 1.0],
                [-0.659571, -0.240063, 0.712275, -0.000258, -0.419069, 0.904122, -0.083338, 0.393206, -0.623977, -0.353459, -0.696936, -0.000422, 0.0, 0.0, 0.0, 1.0],
                [-0.675371, -0.499463, 0.542597, -0.000869, -0.471286, 0.858212, 0.203378, 0.391603, -0.567243, -0.118362, -0.815001, -0.001273, 0.0, 0.0, 0.0, 1.0],
                [-0.602302, -0.688391, 0.404166, -0.002061, -0.539874, 0.724226, 0.42899, 0.388452, -0.588021, 0.040183, -0.807847, -0.002839, 0.0, 0.0, 0.0, 1.0],
                [-0.53938, -0.766914, 0.347725, -0.004025, -0.563078, 0.635531, 0.528247, 0.383231, -0.62611, 0.089129, -0.774624, -0.005335, 0.0, 0.0, 0.0, 1.0],
                [-0.504221, -0.715851, 0.483032, -0.006956, -0.516851, 0.698254, 0.495284, 0.375415, -0.691828, 7.7e-05, -0.722062, -0.008979, 0.0, 0.0, 0.0, 1.0],
                [-0.418915, -0.494917, 0.761293, -0.011045, -0.410791, 0.850998, 0.327188, 0.364482, -0.80979, -0.175668, -0.559804, -0.013985, 0.0, 0.0, 0.0, 1.0],
                [-0.279082, -0.171269, 0.94487, -0.016488, -0.305858, 0.948573, 0.081601, 0.349908, -0.910255, -0.266223, -0.317114, -0.02057, 0.0, 0.0, 0.0, 1.0],
                [-0.259838, 0.061299, 0.963704, -0.023476, -0.225252, 0.966605, -0.122217, 0.331171, -0.939013, -0.248833, -0.237353, -0.02895, 0.0, 0.0, 0.0, 1.0],
                [-0.335012, 0.241296, 0.910792, -0.032202, -0.176143, 0.933571, -0.312121, 0.307748, -0.925603, -0.264994, -0.270255, -0.03934, 0.0, 0.0, 0.0, 1.0],
                [-0.354157, 0.4392, 0.825636, -0.06671, -0.157179, 0.842344, -0.51551, 0.266532, -0.921883, -0.312344, -0.229289, -0.055636, 0.0, 0.0, 0.0, 1.0],
                [-0.286245, 0.618227, 0.732023, -0.096386, -0.159517, 0.722581, -0.672629, 0.238287, -0.944785, -0.309308, -0.108217, -0.066198, 0.0, 0.0, 0.0, 1.0],
                [-0.147128, 0.749396, 0.645568, -0.095856, -0.170319, 0.623728, -0.76286, 0.239144, -0.974343, -0.22219, 0.035869, -0.065833, 0.0, 0.0, 0.0, 1.0],
                [0.041902, 0.834976, 0.548688, -0.094327, -0.172182, 0.546989, -0.819242, 0.241612, -0.984174, -0.060147, 0.166688, -0.064783, 0.0, 0.0, 0.0, 1.0],
                [0.259698, 0.860175, 0.438926, -0.091895, -0.170621, 0.488241, -0.855868, 0.245537, -0.950498, 0.147377, 0.273559, -0.063113, 0.0, 0.0, 0.0, 1.0],
                [0.470856, 0.820324, 0.324596, -0.088654, -0.167827, 0.444506, -0.879914, 0.250767, -0.8661, 0.359837, 0.346971, -0.060888, 0.0, 0.0, 0.0, 1.0],
                [0.638814, 0.736287, 0.223158, -0.084701, -0.164484, 0.414053, -0.895269, 0.257147, -0.751573, 0.535204, 0.38561, -0.058173, 0.0, 0.0, 0.0, 1.0],
                [0.742947, 0.651616, 0.153055, -0.08013, -0.161052, 0.395969, -0.90403, 0.264525, -0.649686, 0.646997, 0.399128, -0.055033, 0.0, 0.0, 0.0, 1.0],
                [0.778629, 0.614388, 0.127531, -0.075037, -0.159142, 0.389951, -0.90698, 0.272747, -0.606968, 0.685905, 0.401402, -0.051535, 0.0, 0.0, 0.0, 1.0],
                [0.769318, 0.623666, 0.138531, -0.069515, -0.164603, 0.403016, -0.900269, 0.281659, -0.617297, 0.669791, 0.412704, -0.047743, 0.0, 0.0, 0.0, 1.0],
                [0.741696, 0.648554, 0.171072, -0.063661, -0.181441, 0.439543, -0.879705, 0.291108, -0.64573, 0.621434, 0.443681, -0.043722, 0.0, 0.0, 0.0, 1.0],
                [0.694912, 0.682686, 0.225914, -0.057569, -0.211899, 0.49462, -0.842882, 0.300941, -0.687165, 0.537858, 0.488378, -0.039538, 0.0, 0.0, 0.0, 1.0],
                [0.627659, 0.71658, 0.304233, -0.051334, -0.259355, 0.560952, -0.786174, 0.311004, -0.734016, 0.414544, 0.537935, -0.035256, 0.0, 0.0, 0.0, 1.0],
                [0.540203, 0.737509, 0.405292, -0.045052, -0.326665, 0.627618, -0.706672, 0.321144, -0.775545, 0.249352, 0.57996, -0.030942, 0.0, 0.0, 0.0, 1.0],
                [0.436696, 0.731357, 0.523845, -0.038818, -0.41381, 0.680347, -0.604888, 0.331207, -0.798786, 0.04738, 0.599747, -0.02666, 0.0, 0.0, 0.0, 1.0]
            ]
        },
        {
            "name": "Hand_L",
            "time": [0.0, 0.4167],
            "transform": [
                [1.0, -0.0, 0.0, 0.0, 0.0, 0.993937, 0.109947, 0.3, -0.0, -0.109947, 0.993937, 0.0, 0.0, 0.0, 0.0, 1.0],
                [1.0, 0.0, -0.0, -0.0, 0.0, 0.993937, 0.109947, 0.3, 0.0, -0.109947, 0.993937, 0.0, 0.0, 0.0, 0.0, 1.0]
            ]
        },
        {
            "name": "Tool_L",
            "time": [0.0, 0.0167, 0.0333, 0.05, 0.0667, 0.0833, 0.1, 0.1167, 0.1333, 0.15, 0.1667, 0.1833, 0.2, 0.2167, 0.2333, 0.25, 0.2667, 0.2833, 0.3, 0.3167, 0.3333, 0.35, 0.3667, 0.3833, 0.4, 0.4167],
            "transform": [
                [1.0, 0.0, 0.0, -0.0, 0.0, -0.999836, 0.018122, 0.272858, 0.0, -0.018122, -0.999836, -0.0, 0.0, 0.0, 0.0, 1.0],
                [1.0, 0.0, 0.0, -0.0, 0.0, -0.999836, 0.018122, 0.272858, 0.0, -0.018122, -0.999836, 0.0, 0.0, 0.0, 0.0, 1.0],
                [1.0, 0.0, 0.0, 0.0, -0.0, -0.999836, 0.018122, 0.272858, 0.0, -0.018122, -0.999836, -0.0, 0.0, 0.0, 0.0, 1.0],
                [1.0, 0.0, 0.0, 0.0, 0.0, -0.999836, 0.018122, 0.272858, 0.0, -0.018122, -0.999836, 0.0, 0.0, 0.0, 0.0, 1.0],
                [1.0, 0.0, 0.0, 0.0, -0.0, -0.999836, 0.018122, 0.272858, 0.0, -0.018122, -0.999836, -0.0, 0.0, 0.0, 0.0, 1.0],
                [1.0, -0.0, 0.0, 0.0, -0.0, -0.999836, 0.018122, 0.272858, 0.0, -0.018122, -0.999836, 0.0, 0.0, 0.0, 0.0, 1.0],
                [1.0, 0.0, 0.0, 0.0, -0.0, -0.999836, 0.018122, 0.272858, 0.0, -0.018122, -0.999836, 0.0, 0.0, 0.0, 0.0, 1.0],
                [1.0, 0.0, 0.0, 0.0, -0.0, -0.999836, 0.018122, 0.272858, 0.0, -0.018122, -0.999836, -0.0, 0.0, 0.0, 0.0, 1.0],
                [1.0, 0.0, 0.0, -0.0, -0.0, -0.999836, 0.018122, 0.272858, 0.0, -0.018122, -0.999836, -0.0, 0.0, 0.0, 0.0, 1.0],
                [1.0, 0.0, 0.0, 0.0, -0.0, -0.999836, 0.018122, 0.272858, 0.0, -0.018122, -0.999836, 0.0, 0.0, 0.0, 0.0, 1.0],
                [1.0, 0.0, 0.0, -0.0, 0.0, -0.999836, 0.018122, 0.272858, 0.0, -0.018122, -0.999836, -0.0, 0.0, 0.0, 0.0, 1.0],
                [1.0, 0.0, 0.0, -0.0, 0.0, -0.999836, 0.018122, 0.272858, 0.0, -0.018122, -0.999836, -0.0, 0.0, 0.0, 0.0, 1.0],
                [1.0, -0.0, 0.0, -0.0, -0.0, -0.999836, 0.018122, 0.272858, 0.0, -0.018122, -0.999836, -0.0, 0.0, 0.0, 0.0, 1.0],
                [1.0, -0.0, 0.0, -0.0, 0.0, -0.999836, 0.018122, 0.272858, 0.0, -0.018122, -0.999836, 0.0, 0.0, 0.0, 0.0, 1.0],
                [1.0, 0.0, 0.0, -0.0, -0.0, -0.999836, 0.018122, 0.272858, 0.0, -0.018122, -0.999836, -0.0, 0.0, 0.0, 0.0, 1.0],
