{
    "animation": [
        {
            "name": "Root",
            "time": [0.0, 0.0167, 0.0333, 0.05, 0.0667, 0.0833, 0.1, 0.1167, 0.1333, 0.15, 0.1667],
            "transform": [
                [1.0, 0.0, 0.0, -5e-06, 0.0, -0.573576, -0.819152, 0.000946, 0.0, 0.819152, -0.573576, 0.163972, 0.0, 0.0, 0.0, 1.0],
                [1.0, 0.0, 0.0, -5e-06, 0.0, -0.573577, -0.819152, 0.000946, 0.0, 0.819152, -0.573577, 0.163972, 0.0, 0.0, 0.0, 1.0],
                [1.0, 0.0, 0.0, -5e-06, 0.0, -0.573577, -0.819152, 0.000946, 0.0, 0.819152, -0.573577, 0.163972, 0.0, 0.0, 0.0, 1.0],
                [1.0, 0.0, 0.0, -5e-06, 0.0, -0.573577, -0.819152, 0.000946, 0.0, 0.819152, -0.573577, 0.163972, 0.0, 0.0, 0.0, 1.0],
                [1.0, 0.0, 0.0, -5e-06, 0.0, -0.573577, -0.819152, 0.000946, 0.0, 0.819152, -0.573577, 0.163972, 0.0, 0.0, 0.0, 1.0],
                [1.0, 0.0, 0.0, -5e-06, 0.0, -0.573577, -0.819152, 0.000946, 0.0, 0.819152, -0.573577, 0.163972, 0.0, 0.0, 0.0, 1.0],
                [1.0, 0.0, 0.0, -5e-06, 0.0, -0.573576, -0.819152, 0.000946, 0.0, 0.819152, -0.573576, 0.163972, 0.0, 0.0, 0.0, 1.0],
                [1.0, 0.0, 0.0, -5e-06, 0.0, -0.573576, -0.819152, 0.000946, 0.0, 0.819152, -0.573576, 0.163972, 0.0, 0.0, 0.0, 1.0],
                [1.0, 0.0, 0.0, -5e-06, 0.0, -0.573576, -0.819152, 0.000946, 0.0, 0.819152, -0.573576, 0.163972, 0.0, 0.0, 0.0, 1.0],
                [1.0, 0.0, 0.0, -5e-06, 0.0, -0.573576, -0.819152, 0.000946, 0.0, 0.819152, -0.573576, 0.163972, 0.0, 0.0, 0.0, 1.0],
                [1.0, 0.0, 0.0, -5e-06, 0.0, -0.573576, -0.819152, 0.000946, 0.0, 0.819152, -0.573576, 0.163972, 0.0, 0.0, 0.0, 1.0]
            ]
        },
        {
            "name": "Thigh_R",
            "time": [0.0, 0.0167, 0.0333, 0.05, 0.0667, 0.0833, 0.1, 0.1167, 0.1333, 0.15, 0.1667],
            "transform": [
                [1.0, -0.0, -0.0, 0.124994, -0.0, -0.642786, 0.766045, 0.079084, -0.0, -0.766043, -0.642787, -0.057369, 0.0, 0.0, 0.0, 1.0],
                [1.0, -0.0, -0.0, 0.124994, -0.0, -0.642786, 0.766045, 0.079084, -0.0, -0.766043, -0.642787, -0.057369, 0.0, 0.0, 0.0, 1.0],
                [1.0, -0.0, -0.0, 0.124994, -0.0, -0.642786, 0.766045, 0.079084, -0.0, -0.766043, -0.642787, -0.057369, 0.0, 0.0, 0.0, 1.0],
                [1.0, -0.0, -0.0, 0.124994, -0.0, -0.642786, 0.766045, 0.079084, -0.0, -0.766043, -0.642787, -0.057369, 0.0, 0.0, 0.0, 1.0],
                [1.0, -0.0, -0.0, 0.124994, -0.0, -0.642786, 0.766045, 0.079084, -0.0, -0.766043, -0.642787, -0.057369, 0.0, 0.0, 0.0, 1.0],
                [1.0, -0.0, -0.0, 0.124994, -0.0, -0.642786, 0.766045, 0.079084, -0.0, -0.766043, -0.642787, -0.057369, 0.0, 0.0, 0.0, 1.0],
                [1.0, -0.0, -0.0, 0.124994, -0.0, -0.642786, 0.766045, 0.079084, -0.0, -0.766043, -0.642787, -0.057369, 0.0, 0.0, 0.0, 1.0],
                [1.0, -0.0, -0.0, 0.124994, -0.0, -0.642786, 0.766045, 0.079084, -0.0, -0.766043, -0.642787, -0.057369, 0.0, 0.0, 0.0, 1.0],
                [1.0, -0.0, -0.0, 0.124994, -0.0, -0.642786, 0.766045, 0.079084, -0.0, -0.766043, -0.642787, -0.057369, 0.0, 0.0, 0.0, 1.0],
                [1.0, -0.0, -0.0, 0.124994, -0.0, -0.642786, 0.766045, 0.079084, -0.0, -0.766043, -0.642787, -0.057369, 0.0, 0.0, 0.0, 1.0],
                [1.0, -0.0, -0.0, 0.124994, -0.0, -0.642786, 0.766045, 0.079084, -0.0, -0.766043, -0.642787, -0.057369, 0.0, 0.0, 0.0, 1.0]
            ]
        },
        {
            "name": "Leg_R",
            "time": [0.0, 0.1667],
            "transform": [
                [1.0, -0.0, -0.0, 0.0, -0.0, 1.000001, -0.0, 0.37472, 0.0, 0.0, 0.999999, -0.0, 0.0, 0.0, 0.0, 1.0],
                [1.0, -0.0, -0.0, 0.0, -0.0, 1.000001, -0.0, 0.37472, -0.0, 0.0, 0.999999, -0.0, 0.0, 0.0, 0.0, 1.0]
            ]
        },
        {
            "name": "Knee_R",
            "time": [0.0, 0.1667],
            "transform": [
                [1.0, 0.0, -0.0, -0.0, -0.0, 0.0, -1.0, 0.37472, -0.0, 1.0, 0.0, -0.0, 0.0, 0.0, 0.0, 1.0],
                [1.0, 0.0, -0.0, -0.0, -0.0, 0.0, -1.0, 0.37472, -0.0, 1.0, 0.0, -0.0, 0.0, 0.0, 0.0, 1.0]
            ]
        },
        {
            "name": "Thigh_L",
            "time": [0.0, 0.0167, 0.0333, 0.05, 0.0667, 0.0833, 0.1, 0.1167, 0.1333, 0.15, 0.1667],
            "transform": [
                [0.171011, 0.717686, 0.675042, -0.125006, -0.694851, -0.397889, 0.599054, -0.043788, 0.698525, -0.571498, 0.430642, 0.028667, 0.0, 0.0, 0.0, 1.0],
                [0.171011, 0.717686, 0.675042, -0.125006, -0.694851, -0.397889, 0.599054, -0.043788, 0.698525, -0.571498, 0.430642, 0.028667, 0.0, 0.0, 0.0, 1.0],
                [0.171011, 0.717686, 0.675042, -0.125006, -0.694851, -0.397889, 0.599054, -0.043788, 0.698525, -0.571498, 0.430642, 0.028667, 0.0, 0.0, 0.0, 1.0],
                [0.171011, 0.717686, 0.675042, -0.125006, -0.694851, -0.397889, 0.599054, -0.043788, 0.698525, -0.571498, 0.430642, 0.028667, 0.0, 0.0, 0.0, 1.0],
                [0.171011, 0.717686, 0.675042, -0.125006, -0.694851, -0.397889, 0.599054, -0.043788, 0.698525, -0.571498, 0.430642, 0.028667, 0.0, 0.0, 0.0, 1.0],
                [0.171011, 0.717686, 0.675042, -0.125006, -0.694851, -0.397889, 0.599054, -0.043788, 0.698525, -0.571498, 0.430642, 0.028667, 0.0, 0.0, 0.0, 1.0],
                [0.171011, 0.717686, 0.675042, -0.125006, -0.694851, -0.397889, 0.599054, -0.043788, 0.698525, -0.571498, 0.430641, 0.028667, 0.0, 0.0, 0.0, 1.0],
                [0.171011, 0.717686, 0.675042, -0.125006, -0.694851, -0.397889, 0.599054, -0.043788, 0.698525, -0.571498, 0.430642, 0.028667, 0.0, 0.0, 0.0, 1.0],
                [0.171011, 0.717686, 0.675042, -0.125006, -0.694851, -0.397889, 0.599054, -0.043788, 0.698525, -0.571498, 0.430642, 0.028667, 0.0, 0.0, 0.0, 1.0],
                [0.171011, 0.717686, 0.675042, -0.125006, -0.694851, -0.397889, 0.599054, -0.043788, 0.698525, -0.571498, 0.430642, 0.028667, 0.0, 0.0, 0.0, 1.0],
                [0.171011, 0.717686, 0.675042, -0.125006, -0.694851, -0.397889, 0.599054, -0.043788, 0.698525, -0.571498, 0.430641, 0.028667, 0.0, 0.0, 0.0, 1.0]
            ]
        },
        {
            "name": "Leg_L",
            "time": [0.0, 0.1667],
            "transform": [
                [1.0, -0.0, -0.0, -0.0, 0.0, 1.0, -0.0, 0.37472, 0.0, -0.0, 1.0, 0.0, 0.0, 0.0, 0.0, 1.0],
                [1.0, 0.0, -0.0, 0.0, 0.0, 1.0, -0.0, 0.37472, 0.0, -0.0, 1.0, 0.0, 0.0, 0.0, 0.0, 1.0]
            ]
        },
        {
            "name": "Knee_L",
            "time": [0.0, 0.1667],
            "transform": [
                [1.0, 0.0, -0.0, -0.0, -0.0, 0.0, -1.0, 0.37472, -0.0, 1.0, 0.0, 0.0, 0.0, 0.0, 0.0, 1.0],
                [1.0, 0.0, -0.0, 0.0, -0.0, 0.0, -1.0, 0.37472, -0.0, 1.0, 0.0, 0.0, 0.0, 0.0, 0.0, 1.0]
            ]
        },
        {
            "name": "Torso",
            "time": [0.0, 0.0167, 0.0333, 0.05, 0.0667, 0.0833, 0.1, 0.1167, 0.1333, 0.15, 0.1667],
            "transform": [
                [0.986236, -0.07068, 0.149472, 0.0, 0.118371, 0.933004, -0.339841, 0.05, -0.115438, 0.352856, 0.928529, -0.0, 0.0, 0.0, 0.0, 1.0],
                [0.986236, -0.07068, 0.149472, 0.0, 0.118371, 0.933004, -0.339841, 0.05, -0.115438, 0.352856, 0.928529, -0.0, 0.0, 0.0, 0.0, 1.0],
                [0.986236, -0.07068, 0.149472, 0.0, 0.118371, 0.933004, -0.339841, 0.05, -0.115438, 0.352856, 0.928529, -0.0, 0.0, 0.0, 0.0, 1.0],
                [0.986236, -0.07068, 0.149472, 0.0, 0.118371, 0.933004, -0.339841, 0.05, -0.115438, 0.352856, 0.928529, 0.0, 0.0, 0.0, 0.0, 1.0],
                [0.986236, -0.07068, 0.149472, 0.0, 0.118371, 0.933004, -0.339841, 0.05, -0.115438, 0.352856, 0.928529, -0.0, 0.0, 0.0, 0.0, 1.0],
                [0.986236, -0.07068, 0.149472, 0.0, 0.118371, 0.933004, -0.339841, 0.05, -0.115438, 0.352856, 0.928529, -0.0, 0.0, 0.0, 0.0, 1.0],
                [0.986236, -0.07068, 0.149472, 0.0, 0.118371, 0.933004, -0.339841, 0.05, -0.115438, 0.352856, 0.928529, -0.0, 0.0, 0.0, 0.0, 1.0],
                [0.986236, -0.07068, 0.149472, 0.0, 0.118371, 0.933004, -0.339841, 0.05, -0.115438, 0.352856, 0.928529, 0.0, 0.0, 0.0, 0.0, 1.0],
                [0.986236, -0.07068, 0.149472, 0.0, 0.118371, 0.933004, -0.339841, 0.05, -0.115438, 0.352856, 0.928529, -0.0, 0.0, 0.0, 0.0, 1.0],
                [0.986236, -0.07068, 0.149472, 0.0, 0.118371, 0.933004, -0.339841, 0.05, -0.115438, 0.352856, 0.928529, -0.0, 0.0, 0.0, 0.0, 1.0],
                [0.986236, -0.07068, 0.149472, 0.0, 0.118371, 0.933004, -0.339841, 0.05, -0.115438, 0.352856, 0.928529, 0.0, 0.0, 0.0, 0.0, 1.0]
            ]
        },
        {
            "name": "Chest",
            "time": [0.0, 0.1667],
            "transform": [
                [1.0, 0.0, -0.0, 0.0, 0.0, 1.0, 0.0, 0.3, 0.0, 0.0, 1.0, 0.0, 0.0, 0.0, 0.0, 1.0],
                [1.0, 0.0, 0.0, 0.0, 0.0, 1.0, -0.0, 0.3, 0.0, 0.0, 1.0, 0.0, 0.0, 0.0, 0.0, 1.0]
            ]
        },
        {
            "name": "Head",
            "time": [0.0, 0.0167, 0.0333, 0.05, 0.0667, 0.0833, 0.1, 0.1167, 0.1333, 0.15, 0.1667],
            "transform": [
                [0.995679, 0.084869, 0.03769, 0.0, -0.086728, 0.70481, 0.704075, 0.4, 0.03319, -0.704301, 0.709125, 0.0, 0.0, 0.0, 0.0, 1.0],
                [0.995679, 0.084869, 0.03769, 0.0, -0.086728, 0.70481, 0.704074, 0.4, 0.03319, -0.704301, 0.709125, 0.0, 0.0, 0.0, 0.0, 1.0],
                [0.995679, 0.084869, 0.03769, 0.0, -0.086728, 0.70481, 0.704074, 0.4, 0.03319, -0.704301, 0.709125, 0.0, 0.0, 0.0, 0.0, 1.0],
                [0.995679, 0.084869, 0.03769, -0.0, -0.086728, 0.70481, 0.704075, 0.4, 0.03319, -0.704301, 0.709125, 0.0, 0.0, 0.0, 0.0, 1.0],
                [0.995679, 0.084869, 0.03769, 0.0, -0.086728, 0.70481, 0.704074, 0.4, 0.03319, -0.704301, 0.709125, 0.0, 0.0, 0.0, 0.0, 1.0],
                [0.995679, 0.084869, 0.03769, 0.0, -0.086728, 0.70481, 0.704074, 0.4, 0.03319, -0.704301, 0.709125, 0.0, 0.0, 0.0, 0.0, 1.0],
                [0.995679, 0.084869, 0.03769, 0.0, -0.086728, 0.70481, 0.704075, 0.4, 0.03319, -0.704301, 0.709125, 0.0, 0.0, 0.0, 0.0, 1.0],
                [0.995679, 0.084869, 0.03769, 0.0, -0.086728, 0.70481, 0.704075, 0.4, 0.03319, -0.704301, 0.709125, 0.0, 0.0, 0.0, 0.0, 1.0],
                [0.995679, 0.084869, 0.03769, 0.0, -0.086728, 0.70481, 0.704075, 0.4, 0.03319, -0.704301, 0.709125, 0.0, 0.0, 0.0, 0.0, 1.0],
                [0.995679, 0.084869, 0.03769, 0.0, -0.086728, 0.70481, 0.704075, 0.4, 0.03319, -0.704301, 0.709125, 0.0, 0.0, 0.0, 0.0, 1.0],
                [0.995679, 0.084869, 0.03769, 0.0, -0.086728, 0.70481, 0.704075, 0.4, 0.03319, -0.704301, 0.709125, 0.0, 0.0, 0.0, 0.0, 1.0]
            ]
        },
        {
            "name": "Shoulder_R",
            "time": [0.0, 0.1667],
            "transform": [
                [0.0, 0.952114, 0.305743, 0.0, -0.0, -0.305743, 0.952114, 0.4, 1.0, -0.0, -0.0, 0.0, 0.0, 0.0, 0.0, 1.0],
                [0.0, 0.952114, 0.305743, 0.0, -0.0, -0.305743, 0.952114, 0.4, 1.0, 0.0, -0.0, 0.0, 0.0, 0.0, 0.0, 1.0]
            ]
        },
        {
            "name": "Arm_R",
            "time": [0.0, 0.0167, 0.0333, 0.05, 0.0667, 0.0833, 0.1, 0.1167, 0.1333, 0.15, 0.1667],
            "transform": [
                [-0.777411, -0.473231, -0.41435, -0.0, 0.075709, 0.58356, -0.808534, 0.393861, 0.624421, -0.659932, -0.417838, -0.0, 0.0, 0.0, 0.0, 1.0],
                [-0.777411, -0.473231, -0.414349, -0.0, 0.075709, 0.58356, -0.808534, 0.393861, 0.624421, -0.659932, -0.417838, 0.0, 0.0, 0.0, 0.0, 1.0],
                [-0.777411, -0.473231, -0.414349, -0.0, 0.075709, 0.58356, -0.808534, 0.393861, 0.624421, -0.659932, -0.417838, 0.0, 0.0, 0.0, 0.0, 1.0],
                [-0.777411, -0.473231, -0.41435, 0.0, 0.075709, 0.58356, -0.808534, 0.393861, 0.624421, -0.659932, -0.417838, -0.0, 0.0, 0.0, 0.0, 1.0],
                [-0.777411, -0.473231, -0.414349, -0.0, 0.075709, 0.58356, -0.808534, 0.393861, 0.624421, -0.659932, -0.417838, 0.0, 0.0, 0.0, 0.0, 1.0],
                [-0.777411, -0.473231, -0.414349, -0.0, 0.075709, 0.58356, -0.808534, 0.393861, 0.624421, -0.659932, -0.417838, 0.0, 0.0, 0.0, 0.0, 1.0],
                [-0.777411, -0.473231, -0.41435, -0.0, 0.075709, 0.58356, -0.808534, 0.393861, 0.624421, -0.659932, -0.417838, -0.0, 0.0, 0.0, 0.0, 1.0],
                [-0.777411, -0.473231, -0.41435, 0.0, 0.075709, 0.58356, -0.808534, 0.393861, 0.624421, -0.659932, -0.417838, 0.0, 0.0, 0.0, 0.0, 1.0],
                [-0.777411, -0.473231, -0.41435, -0.0, 0.075709, 0.58356, -0.808534, 0.393861, 0.624421, -0.659932, -0.417838, -0.0, 0.0, 0.0, 0.0, 1.0],
                [-0.777411, -0.473231, -0.41435, -0.0, 0.075709, 0.58356, -0.808534, 0.393861, 0.624421, -0.659932, -0.417838, -0.0, 0.0, 0.0, 0.0, 1.0],
                [-0.777411, -0.473231, -0.41435, 0.0, 0.075709, 0.58356, -0.808534, 0.393861, 0.624421, -0.659932, -0.417838, 0.0, 0.0, 0.0, 0.0, 1.0]
            ]
        },
        {
            "name": "Hand_R",
            "time": [0.0, 0.1667],
            "transform": [
                [1.0, 0.0, 0.0, 0.0, -0.0, 0.993938, 0.109947, 0.3, -0.0, -0.109947, 0.993938, -0.0, 0.0, 0.0, 0.0, 1.0],
                [1.0, 0.0, 0.0, 0.0, -0.0, 0.993938, 0.109947, 0.3, -0.0, -0.109947, 0.993938, 0.0, 0.0, 0.0, 0.0, 1.0]
            ]
        },
        {
            "name": "Tool_R",
            "time": [0.0, 0.0167, 0.0333, 0.05, 0.0667, 0.0833, 0.1, 0.1167, 0.1333, 0.15, 0.1667],
            "transform": [
                [1.0, 0.0, 0.0, 0.0, 0.0, -0.999836, 0.018122, 0.272858, 0.0, -0.018122, -0.999836, 0.0, 0.0, 0.0, 0.0, 1.0],
                [1.0, 0.0, 0.0, 0.0, 0.0, -0.999836, 0.018122, 0.272858, 0.0, -0.018122, -0.999836, 0.0, 0.0, 0.0, 0.0, 1.0],
                [1.0, 0.0, 0.0, 0.0, 0.0, -0.999836, 0.018122, 0.272858, 0.0, -0.018122, -0.999836, 0.0, 0.0, 0.0, 0.0, 1.0],
                [1.0, 0.0, 0.0, 0.0, -0.0, -0.999836, 0.018122, 0.272858, 0.0, -0.018122, -0.999836, 0.0, 0.0, 0.0, 0.0, 1.0],
                [1.0, 0.0, 0.0, 0.0, 0.0, -0.999836, 0.018122, 0.272858, 0.0, -0.018122, -0.999836, 0.0, 0.0, 0.0, 0.0, 1.0],
                [1.0, 0.0, 0.0, 0.0, 0.0, -0.999836, 0.018122, 0.272858, 0.0, -0.018122, -0.999836, 0.0, 0.0, 0.0, 0.0, 1.0],
                [1.0, 0.0, 0.0, 0.0, 0.0, -0.999836, 0.018122, 0.272858, 0.0, -0.018122, -0.999836, 0.0, 0.0, 0.0, 0.0, 1.0],
                [1.0, 0.0, 0.0, 0.0, 0.0, -0.999836, 0.018122, 0.272858, 0.0, -0.018122, -0.999836, 0.0, 0.0, 0.0, 0.0, 1.0],
                [1.0, 0.0, 0.0, 0.0, 0.0, -0.999836, 0.018122, 0.272858, 0.0, -0.018122, -0.999836, 0.0, 0.0, 0.0, 0.0, 1.0],
                [1.0, 0.0, 0.0, 0.0, 0.0, -0.999836, 0.018122, 0.272858, 0.0, -0.018122, -0.999836, 0.0, 0.0, 0.0, 0.0, 1.0],
                [1.0, 0.0, 0.0, 0.0, 0.0, -0.999836, 0.018122, 0.272858, 0.0, -0.018122, -0.999836, 0.0, 0.0, 0.0, 0.0, 1.0]
            ]
        },
        {
            "name": "Elbow_R",
            "time": [0.0, 0.1667],
            "transform": [
                [-1.0, 0.0, -0.0, 0.0, 0.0, 0.0, -1.0, 0.3, -0.0, -1.0, -0.0, 0.0, 0.0, 0.0, 0.0, 1.0],
                [-1.0, 0.0, -0.0, 0.0, 0.0, 0.0, -1.0, 0.3, -0.0, -1.0, -0.0, 0.0, 0.0, 0.0, 0.0, 1.0]
            ]
        },
        {
            "name": "Shoulder_L",
            "time": [0.0, 0.1667],
            "transform": [
                [-0.0, -0.952114, -0.305743, 0.0, 0.0, -0.305743, 0.952114, 0.4, -1.0, 0.0, 0.0, 0.0, 0.0, 0.0, 0.0, 1.0],
                [-0.0, -0.952114, -0.305743, 0.0, 0.0, -0.305743, 0.952114, 0.4, -1.0, 0.0, 0.0, 0.0, 0.0, 0.0, 0.0, 1.0]
            ]
        },
        {
            "name": "Arm_L",
            "time": [0.0, 0.0167, 0.0333, 0.05, 0.0667, 0.0833, 0.1, 0.1167, 0.1333, 0.15, 0.1667],
            "transform": [
                [-0.527442, -0.833143, 0.166366, 0.0, -0.502986, 0.464031, 0.729165, 0.39386, -0.684697, 0.300912, -0.663808, 0.0, 0.0, 0.0, 0.0, 1.0],
                [-0.527442, -0.833143, 0.166366, -0.0, -0.502986, 0.464031, 0.729165, 0.39386, -0.684698, 0.300912, -0.663808, 0.0, 0.0, 0.0, 0.0, 1.0],
                [-0.527442, -0.833143, 0.166366, -0.0, -0.502986, 0.464031, 0.729165, 0.39386, -0.684698, 0.300912, -0.663808, 0.0, 0.0, 0.0, 0.0, 1.0],
                [-0.527442, -0.833143, 0.166366, 0.0, -0.502986, 0.464031, 0.729165, 0.39386, -0.684697, 0.300912, -0.663808, 0.0, 0.0, 0.0, 0.0, 1.0],
                [-0.527442, -0.833143, 0.166366, -0.0, -0.502986, 0.464031, 0.729165, 0.39386, -0.684698, 0.300912, -0.663808, 0.0, 0.0, 0.0, 0.0, 1.0],
                [-0.527442, -0.833143, 0.166366, -0.0, -0.502986, 0.464031, 0.729165, 0.39386, -0.684698, 0.300912, -0.663808, 0.0, 0.0, 0.0, 0.0, 1.0],
                [-0.527442, -0.833143, 0.166366, 0.0, -0.502986, 0.464031, 0.729165, 0.39386, -0.684697, 0.300912, -0.663808, 0.0, 0.0, 0.0, 0.0, 1.0],
                [-0.527442, -0.833143, 0.166366, 0.0, -0.502986, 0.464031, 0.729165, 0.39386, -0.684698, 0.300912, -0.663808, 0.0, 0.0, 0.0, 0.0, 1.0],
                [-0.527442, -0.833143, 0.166366, 0.0, -0.502986, 0.464031, 0.729165, 0.39386, -0.684697, 0.300912, -0.663808, 0.0, 0.0, 0.0, 0.0, 1.0],
                [-0.527442, -0.833143, 0.166366, 0.0, -0.502986, 0.464031, 0.729165, 0.39386, -0.684697, 0.300912, -0.663808, 0.0, 0.0, 0.0, 0.0, 1.0],
                [-0.527442, -0.833143, 0.166366, 0.0, -0.502986, 0.464031, 0.729165, 0.39386, -0.684698, 0.300912, -0.663808, 0.0, 0.0, 0.0, 0.0, 1.0]
            ]
        },
        {
            "name": "Hand_L",
            "time": [0.0, 0.1667],
            "transform": [
                [1.0, 0.0, 0.0, 0.0, 0.0, 0.993937, 0.109947, 0.3, -0.0, -0.109947, 0.993937, 0.0, 0.0, 0.0, 0.0, 1.0],
                [1.0, -0.0, 0.0, 0.0, 0.0, 0.993937, 0.109947, 0.3, -0.0, -0.109947, 0.993937, 0.0, 0.0, 0.0, 0.0, 1.0]
            ]
        },
        {
            "name": "Tool_L",
            "time": [0.0, 0.0167, 0.0333, 0.05, 0.0667, 0.0833, 0.1, 0.1167, 0.1333, 0.15, 0.1667],
            "transform": [
                [0.992945, -0.031795, 0.11423, 0.008682, -0.098338, -0.759088, 0.643518, 0.312536, 0.06625, -0.650211, -0.756859, 0.029159, 0.0, 0.0, 0.0, 1.0],
                [0.992945, -0.031795, 0.11423, 0.008682, -0.098338, -0.759088, 0.643518, 0.312536, 0.06625, -0.650211, -0.75686, 0.029159, 0.0, 0.0, 0.0, 1.0],
                [0.992945, -0.031795, 0.11423, 0.008682, -0.098338, -0.759088, 0.643518, 0.312536, 0.06625, -0.650212, -0.756859, 0.029159, 0.0, 0.0, 0.0, 1.0],
                [0.992945, -0.031795, 0.11423, 0.008682, -0.098338, -0.759088, 0.643518, 0.312536, 0.06625, -0.650211, -0.756859, 0.029159, 0.0, 0.0, 0.0, 1.0],
                [0.992945, -0.031795, 0.11423, 0.008682, -0.098338, -0.759088, 0.643518, 0.312536, 0.06625, -0.650211, -0.75686, 0.029159, 0.0, 0.0, 0.0, 1.0],
                [0.992945, -0.031795, 0.11423, 0.008682, -0.098338, -0.759088, 0.643518, 0.312536, 0.06625, -0.650212, -0.756859, 0.029159, 0.0, 0.0, 0.0, 1.0],
                [0.992945, -0.031795, 0.11423, 0.008682, -0.098338, -0.759088, 0.643518, 0.312536, 0.06625, -0.650211, -0.756859, 0.029159, 0.0, 0.0, 0.0, 1.0],
                [0.992945, -0.031795, 0.11423, 0.008682, -0.098338, -0.759088, 0.643518, 0.312536, 0.06625, -0.650211, -0.75686, 0.029159, 0.0, 0.0, 0.0, 1.0],
                [0.992945, -0.031795, 0.11423, 0.008682, -0.098338, -0.759088, 0.643518, 0.312536, 0.06625, -0.650211, -0.756859, 0.029159, 0.0, 0.0, 0.0, 1.0],
                [0.992945, -0.031795, 0.11423, 0.008682, -0.098338, -0.759088, 0.643518, 0.312536, 0.06625, -0.650211, -0.756859, 0.029159, 0.0, 0.0, 0.0, 1.0],
                [0.992945, -0.031795, 0.11423, 0.008682, -0.098338, -0.759088, 0.643518, 0.312536, 0.06625, -0.650211, -0.75686, 0.029159, 0.0, 0.0, 0.0, 1.0]
            ]
        },
        {
            "name": "Elbow_L",
            "time": [0.0, 0.1667],
            "transform": [
                [-1.0, 0.0, -0.0, -0.0, 0.0, -0.0, -1.0, 0.3, -0.0, -1.0, 0.0, 0.0, 0.0, 0.0, 0.0, 1.0],
                [-1.0, 0.0, -0.0, 0.0, -0.0, -0.0, -1.0, 0.3, -0.0, -1.0, 0.0, 0.0, 0.0, 0.0, 0.0, 1.0]
            ]
        }
    ]
}